0 0 0 0.7 2147.85
0 0 1 0.7 2148.45
0 0 2 60.9288 6.0684
0 0 3 61.2412 6.4893
0 0 4 59.2791 7.1035
0 0 5 60.607 6.94026
0 0 6 53.6643 17.6089
0 0 7 59.8336 6.61876
0 0 8 56.5864 5.48324
0 0 9 58.5306 41.131
0 0 10 42.0711 15.6234
0 0 11 61.3785 47.9582
0 1 0 56.7306 76.4584
0 1 1 58.7979 4.3128
0 1 2 54.4622 4.42766
0 1 3 59.2884 4.35306
0 1 4 60.0323 6.7137
0 1 5 57.3671 5.08576
0 1 6 61.0278 6.52489
0 1 7 67.4951 5.37716
0 1 8 61.0735 5.1366
0 1 9 63.7195 4.52716
0 1 10 58.0412 45.8191
0 1 11 0.7 2147.96
0 2 0 55.661 30.1426
0 2 1 56.9425 7.50136
0 2 2 55.8718 6.31439
0 2 3 57.9756 4.22958
0 2 4 56.731 4.77401
0 2 5 56.8882 5.57135
0 2 6 59.9252 5.97692
0 2 7 63.9143 4.72193
0 2 8 62.1819 3.7621
0 2 9 58.7762 4.76964
0 2 10 59.0642 5.20731
0 2 11 56.5571 74.5716
0 3 0 62.8242 3.44399
0 3 1 58.4953 4.87705
0 3 2 51.7364 4.99894
0 3 3 56.8036 4.04316
0 3 4 54.3562 5.00752
0 3 5 50.209 5.78152
0 3 6 61.6373 6.43565
0 3 7 57.6744 5.69984
0 3 8 56.7725 4.7916
0 3 9 60.9352 4.44394
0 3 10 60.2346 6.04499
0 3 11 60.5628 7.18843
0 4 0 52.6673 4.08764
0 4 1 59.0656 4.25403
0 4 2 60.522 5.3851
0 4 3 59.3499 4.88329
0 4 4 62.7624 6.32668
0 4 5 0.7 2148.36
0 4 6 58.2141 5.61799
0 4 7 65.0498 4.83301
0 4 8 63.6513 6.95028
0 4 9 67.8163 4.76242
0 4 10 55.5012 4.40761
0 4 11 60.8806 5.38965
0 5 0 48.4001 13.265
0 5 1 44.2652 35.5231
0 5 2 47.8491 2.59641
0 5 3 29.2773 49.5118
0 5 4 36.2871 92.7917
0 5 5 40.8721 4.29222
0 5 6 59.2641 7.10661
0 5 7 62.2357 6.40476
0 5 8 64.465 5.789
0 5 9 58.8292 5.86487
0 5 10 58.3219 5.77855
0 5 11 51.8491 5.96465
0 6 0 52.3368 1.08129
0 6 1 44.362 39.3081
0 6 2 47.2331 1.47061
0 6 3 38.594 1.08671
0 6 4 44.9501 2.66937
0 6 5 42.8415 3.68524
0 6 6 54.8625 5.60215
0 6 7 62.0668 4.96825
0 6 8 63.3433 4.78113
0 6 9 48.1964 9.77147
0 6 10 60.0539 4.45218
0 6 11 65.1076 4.21167
0 7 0 46.262 31.7842
0 7 1 46.6507 1.0195
0 7 2 47.6557 1.70522
0 7 3 44.5835 1.66197
0 7 4 41.0284 2.00358
0 7 5 49.1029 3.18696
0 7 6 60.1148 5.73863
0 7 7 61.2363 5.44914
0 7 8 60.4445 5.09322
0 7 9 51.4887 3.3772
0 7 10 58.7662 5.5915
0 7 11 58.1393 21.8425
0 8 0 50.6957 19.451
0 8 1 48.6507 21.8085
0 8 2 49.0304 1.69701
0 8 3 49.9643 2.39166
0 8 4 49.562 3.16083
0 8 5 47.548 3.71229
0 8 6 60.218 5.85811
0 8 7 59.841 5.70054
0 8 8 64.5321 5.49646
0 8 9 56.9144 5.03623
0 8 10 54.9594 21.9334
0 8 11 50.2428 54.4852
0 9 0 53.9105 47.2092
0 9 1 8.22037 2147.87
0 9 2 45.7353 37.3508
0 9 3 48.5532 3.05748
0 9 4 45.6442 3.4829
0 9 5 44.3335 4.17516
0 9 6 54.5206 6.81746
0 9 7 62.7993 8.48969
0 9 8 57.8905 7.22173
0 9 9 64.3889 6.14253
0 9 10 58.3379 51.8972
0 9 11 55.5489 52.4067
1 0 0 50.1238 6.14877
1 0 1 45.0517 5.68759
1 0 2 49.4593 5.66556
1 0 3 46.9362 7.60206
1 0 4 56.9156 6.93647
1 0 5 49.0146 7.43588
1 0 6 46.1353 8.31176
1 0 7 51.7864 7.42992
1 0 8 47.326 7.40646
1 0 9 48.832 6.21297
1 0 10 53.4297 5.95216
1 0 11 49.0196 5.91209
1 1 0 50.2356 5.04446
1 1 1 47.6522 7.22068
1 1 2 51.3286 5.92431
1 1 3 54.5005 6.34562
1 1 4 49.3438 6.21564
1 1 5 50.9407 7.55914
1 1 6 54.9591 7.36971
1 1 7 46.8027 5.94278
1 1 8 44.4698 6.5967
1 1 9 48.2807 6.13986
1 1 10 49.3805 4.32107
1 1 11 0.7 2147.36
1 2 0 61.827 53.8552
1 2 1 48.6567 3.58497
1 2 2 53.7323 5.00143
1 2 3 50.0709 5.62898
1 2 4 48.0879 6.1942
1 2 5 48.5507 6.62016
1 2 6 44.9077 7.11748
1 2 7 46.7817 6.66312
1 2 8 48.73 5.30595
1 2 9 49.3178 4.81552
1 2 10 54.3211 46.6248
1 2 11 48.6003 5.05851
1 3 0 44.8614 5.00654
1 3 1 48.4808 4.92411
1 3 2 48.2154 5.57751
1 3 3 51.9919 6.31152
1 3 4 54.1166 6.90007
1 3 5 49.7422 7.26353
1 3 6 47.5799 7.2932
1 3 7 45.4945 6.53735
1 3 8 47.6824 6.21213
1 3 9 48.2204 5.38961
1 3 10 45.0019 4.90286
1 3 11 44.8414 4.78225
1 4 0 50.7309 6.29749
1 4 1 52.2229 5.84107
1 4 2 46.9247 6.52085
1 4 3 48.6658 6.87727
1 4 4 54.0982 7.44079
1 4 5 50.8282 8.01325
1 4 6 47.5816 7.77946
1 4 7 49.2859 7.31538
1 4 8 51.3564 6.92175
1 4 9 45.9567 6.34568
1 4 10 55.4594 6.48011
1 4 11 46.4922 5.55044
1 5 0 40.4502 10.8628
1 5 1 36.0891 39.9852
1 5 2 39.5292 6.07308
1 5 3 35.3159 28.2888
1 5 4 40.8255 7.40474
1 5 5 47.2143 8.43946
1 5 6 53.198 8.42964
1 5 7 51.867 7.44158
1 5 8 48.7159 7.15803
1 5 9 55.1864 7.62934
1 5 10 50.7366 6.74329
1 5 11 42.3257 14.325
1 6 0 40.4651 4.34785
1 6 1 37.7622 5.15513
1 6 2 39.5116 5.25988
1 6 3 37.8581 6.06353
1 6 4 40.6937 6.75734
1 6 5 40.5257 6.8035
1 6 6 47.9229 7.12722
1 6 7 43.3751 6.15843
1 6 8 43.057 6.53787
1 6 9 55.7417 6.35077
1 6 10 45.0954 4.69887
1 6 11 48.8683 8.56816
1 7 0 45.2197 4.64893
1 7 1 45.714 4.01302
1 7 2 46.7282 4.93563
1 7 3 43.0717 5.29985
1 7 4 45.537 6.3751
1 7 5 37.7825 6.29807
1 7 6 49.6204 6.67528
1 7 7 48.6589 6.31747
1 7 8 49.0842 5.56465
1 7 9 40.1308 20.4727
1 7 10 51.7963 8.40402
1 7 11 47.0691 4.41708
1 8 0 40.4573 11.4742
1 8 1 49.4367 5.23321
1 8 2 41.9416 5.10058
1 8 3 38.0743 5.57067
1 8 4 37.9198 6.03967
1 8 5 42.7279 6.56569
1 8 6 46.8106 6.89372
1 8 7 44.6633 6.40777
1 8 8 42.952 5.85327
1 8 9 46.7316 5.25568
1 8 10 47.3099 5.2238
1 8 11 43.0403 5.4017
1 9 0 46.3177 5.74979
1 9 1 42.3464 5.19467
1 9 2 42.1431 6.1169
1 9 3 45.4423 6.41498
1 9 4 45.7747 7.08138
1 9 5 43.1415 7.52551
1 9 6 44.1127 7.71271
1 9 7 45.1561 6.74078
1 9 8 45.8369 6.82187
1 9 9 48.9324 7.07233
1 9 10 43.0018 21.9021
1 9 11 0.7 2148.17
2 0 0 0.7 2049.96
2 0 1 57.0957 -3.82683
2 0 2 54.1715 -3.36954
2 0 3 55.3704 -2.69643
2 0 4 50.469 -2.12952
2 0 5 53.191 -1.49973
2 0 6 64.5222 -1.23143
2 0 7 60.22 -1.70508
2 0 8 57.9425 -2.34178
2 0 9 53.7681 -3.40985
2 0 10 56.1003 -3.94108
2 0 11 0.7 2049.71
2 1 0 57.0144 -4.88843
2 1 1 54.7486 -4.44108
2 1 2 56.3259 -3.94974
2 1 3 53.6023 -2.79515
2 1 4 58.0194 -2.45226
2 1 5 60.6071 -1.79508
2 1 6 53.6781 -1.76328
2 1 7 60.9976 -2.23666
2 1 8 57.107 -2.99167
2 1 9 52.1264 -3.77723
2 1 10 56.8526 -4.11545
2 1 11 63.7354 -4.77486
2 2 0 56.7662 -5.38314
2 2 1 56.8203 -4.90354
2 2 2 56.2901 -4.27267
2 2 3 57.9689 -3.4466
2 2 4 67.6902 -2.58366
2 2 5 62.7163 -2.04153
2 2 6 54.7923 -2.09534
2 2 7 53.7139 -2.47755
2 2 8 59.1174 -3.49601
2 2 9 50.0267 -4.1512
2 2 10 56.1728 -4.50678
2 2 11 53.5367 -5.21941
2 3 0 63.9833 -5.01942
2 3 1 66.3707 -4.35459
2 3 2 55.256 -3.62943
2 3 3 60.2423 -2.78518
2 3 4 55.9371 -2.15242
2 3 5 64.5429 -1.75455
2 3 6 58.1506 -0.977837
2 3 7 59.7053 -1.33453
2 3 8 56.3906 -2.90536
2 3 9 56.5316 -3.48954
2 3 10 58.1613 -4.02582
2 3 11 57.9936 -4.66273
2 4 0 56.5927 -4.17182
2 4 1 58.6936 -3.4923
2 4 2 55.6839 -2.79057
2 4 3 55.3995 -1.91261
2 4 4 59.895 -1.18225
2 4 5 55.983 -0.630271
2 4 6 59.3762 -0.677134
2 4 7 56.6412 -1.30685
2 4 8 54.7767 -2.26377
2 4 9 55.5802 -2.69482
2 4 10 44.9026 -3.80871
2 4 11 57.1408 -4.05196
2 5 0 59.7723 -2.14777
2 5 1 56.2772 -0.986893
2 5 2 55.7783 -0.481767
2 5 3 55.8418 0.225421
2 5 4 57.4076 0.861161
2 5 5 60.7275 1.22076
2 5 6 57.8791 36.0322
2 5 7 53.5204 6.7315
2 5 8 59.1415 5.76728
2 5 9 52.5275 4.7046
2 5 10 58.5715 3.27214
2 5 11 52.9101 4.17319
2 6 0 0.7 2049.3
2 6 1 0.7 2049.86
2 6 2 60.5766 -1.28075
2 6 3 59.8293 -0.579159
2 6 4 58.4982 0.173516
2 6 5 65.6003 0.801941
2 6 6 55.6267 6.13775
2 6 7 55.5216 5.41138
2 6 8 54.0318 4.71303
2 6 9 53.9995 4.1814
2 6 10 57.1234 3.23546
2 6 11 56.4374 2.70632
2 7 0 61.8937 -1.90009
2 7 1 28.8117 10.2359
2 7 2 58.2926 -1.2782
2 7 3 56.9374 -1.05673
2 7 4 53.3577 -0.389252
2 7 5 56.1877 0.415412
2 7 6 55.9118 6.01417
2 7 7 58.0933 5.19238
2 7 8 57.6926 4.37602
2 7 9 58.4245 3.93709
2 7 10 55.0698 3.48613
2 7 11 58.3449 2.87479
2 8 0 54.7699 -2.96103
2 8 1 55.5539 -2.24192
2 8 2 55.4181 2049.25
2 8 3 58.4844 -0.910663
2 8 4 56.9011 -0.447174
2 8 5 59.1535 0.620223
2 8 6 51.5118 5.89125
2 8 7 56.3932 5.05075
2 8 8 56.8265 4.62468
2 8 9 53.7991 4.20044
2 8 10 58.9642 3.56205
2 8 11 56.6827 2.92232
2 9 0 60.9636 -1.82921
2 9 1 58.8332 -1.00628
2 9 2 58.6684 -0.820986
2 9 3 59.1629 -0.164916
2 9 4 61.3472 0.973461
2 9 5 59.37 1.84568
2 9 6 54.6592 6.69465
2 9 7 57.2983 5.7812
2 9 8 55.0779 5.52459
2 9 9 56.4607 4.71619
2 9 10 53.8156 3.90272
2 9 11 55.9882 3.07697
