319.009328703745 81529 38055 7703 1372 600.0 600.0
319.016273148125 82085 38500 7697 1394 600.0 600.0
319.023217592621 81685 38066 7713 1388 600.0 600.0
319.030162037001 81995 38178 7594 1345 600.0 600.0
319.037106481497 82174 38135 7805 1356 600.0 600.0
319.044050925877 81930 38140 7713 1360 600.0 600.0
319.050995370373 81892 38382 7734 1409 600.0 600.0
319.057939814869 82087 37941 7835 1329 600.0 600.0
319.064884259249 82185 38314 7737 1287 600.0 600.0
319.071828703745 80978 38377 7742 1387 600.0 600.0
319.078773148125 81331 38648 7756 1337 600.0 600.0
319.085717592621 81293 38668 7915 1343 600.0 600.0
319.092662037001 82335 38550 7835 1379 600.0 600.0
319.099606481497 82007 38447 7619 1434 600.0 600.0
319.106550925877 81733 38390 7724 1351 600.0 600.0
319.113495370373 82287 38157 7826 1297 600.0 600.0
319.120439814869 82233 38273 7722 1287 600.0 600.0
319.127395833377 53770 25233 5131 885 601.0 395.0
319.134340277757 81850 38972 7834 1395 600.0 600.0
319.141284722253 82114 38497 7747 1372 600.0 600.0
319.148229166633 81919 38105 7832 1362 600.0 600.0
319.155173611129 81832 38663 7870 1403 600.0 600.0
319.162118055508 81687 38579 7685 1326 600.0 600.0
319.169062500005 81707 38429 7731 1309 600.0 600.0
319.176006944501 81933 38470 7782 1272 600.0 600.0
319.182951388881 81719 38425 7829 1449 600.0 600.0
319.189895833377 82187 39117 8091 1383 600.0 600.0
319.196840277757 82038 38717 7834 1411 600.0 600.0
319.203784722253 81589 38384 7867 1390 600.0 600.0
319.210729166633 81728 38555 7860 1340 600.0 600.0
319.217673611129 81670 38899 7901 1417 600.0 600.0
319.224618055508 82244 38946 7923 1350 600.0 600.0
319.231562500005 81480 38354 7752 1389 600.0 600.0
319.238506944501 81893 38844 7896 1355 600.0 600.0
319.245451388881 82186 38667 7682 1403 600.0 600.0
319.252395833377 54255 25625 5148 913 600.0 396.0
319.259340277757 81587 38361 7674 1369 600.0 600.0
319.266284722253 81539 38585 7814 1361 600.0 600.0
319.273229166633 81995 38835 7699 1324 600.0 600.0
319.280173611129 82531 38594 7764 1388 600.0 600.0
319.287118055508 82132 38525 7826 1372 600.0 600.0
319.294062500005 81893 38371 7681 1399 600.0 600.0
319.301006944501 82021 38406 7866 1342 600.0 600.0
319.307951388881 82088 38918 7871 1373 600.0 600.0
319.314895833377 82497 38605 7798 1377 600.0 600.0
319.321840277757 82191 38769 7769 1383 600.0 600.0
319.328784722253 82319 38462 7796 1378 600.0 600.0
319.335729166633 82349 38631 7735 1317 600.0 600.0
319.342673611129 82411 38920 7761 1429 600.0 600.0
319.349618055508 82279 38753 7931 1392 600.0 600.0
319.356562500005 82629 38876 7832 1452 600.0 600.0
319.363506944501 82218 39353 7950 1352 600.0 600.0
319.370451388881 82070 38609 7754 1371 600.0 600.0
319.377395833377 54513 25432 5146 872 600.0 396.0
319.384340277757 81849 38872 7800 1380 600.0 600.0
319.391284722253 82465 39178 7874 1438 600.0 600.0
319.398229166633 81667 38532 7773 1404 600.0 600.0
319.405173611129 82509 39063 7867 1310 600.0 600.0
319.412118055508 82436 39309 7925 1398 600.0 600.0
319.419062500005 88760 38516 7805 1388 600.0 600.0
319.426006944501 81838 38781 7848 1411 600.0 600.0
319.432951388881 83025 39224 7844 1455 600.0 600.0
319.439895833377 82420 38641 7969 1399 600.0 600.0
319.446840277757 82034 38244 7779 1355 600.0 600.0
319.453784722253 82783 38849 7671 1413 600.0 600.0
319.460729166633 82251 38761 7823 1415 600.0 600.0
319.467673611129 81946 39059 7871 1345 600.0 600.0
319.474618055508 82262 39246 7985 1419 600.0 600.0
319.481562500005 82121 38874 7953 1456 600.0 600.0
319.488506944501 82325 39109 7823 1422 600.0 600.0
319.495451388881 82043 38750 7910 1345 600.0 600.0
319.502395833377 54546 25699 5217 905 600.0 395.0
319.509340277757 82284 39191 8075 1440 600.0 600.0
319.516284722253 82032 38479 7888 1447 600.0 600.0
319.523229166633 95545 38088 7761 1427 600.0 600.0
319.530173611129 84856 38645 7769 1402 600.0 600.0
319.537118055508 82011 38673 7703 1440 600.0 600.0
319.544062500005 81975 38857 7821 1355 600.0 600.0
319.551006944501 82518 39149 7872 1412 600.0 600.0
319.557951388881 81492 38808 7829 1427 600.0 600.0
319.564895833377 81732 39344 7727 1371 600.0 600.0
319.571840277757 81755 39154 7752 1415 600.0 600.0
319.578784722253 81957 39107 7896 1399 600.0 600.0
319.585729166633 82433 39402 7990 1415 600.0 600.0
319.592673611129 81716 39361 7807 1361 600.0 600.0
319.599618055508 81247 39165 7758 1438 600.0 600.0
319.606562500005 81037 39398 7909 1374 600.0 600.0
319.613506944501 81416 39318 7712 1407 600.0 600.0
319.620451388881 81833 39836 7981 1402 600.0 600.0
319.627395833377 54219 26193 5302 925 600.0 394.0
319.634340277757 82540 40224 8087 1450 600.0 600.0
319.641284722253 81764 39597 7963 1411 600.0 600.0
319.648229166633 81837 39143 7835 1443 600.0 600.0
319.655173611129 81470 39217 7873 1508 600.0 600.0
319.662118055508 81078 39115 7844 1433 600.0 600.0
319.669062500005 80925 39173 8029 1393 600.0 600.0
319.676006944501 82218 39929 7999 1424 600.0 600.0
319.682951388881 81228 39237 7903 1406 600.0 600.0
319.689895833377 81770 39693 7894 1423 600.0 600.0
319.696840277757 81344 39274 7793 1495 600.0 600.0
319.703784722253 81333 39368 7889 1428 600.0 600.0
319.710729166633 81549 39329 7915 1446 600.0 600.0
319.717673611129 82234 39873 8047 1447 600.0 600.0
319.724618055508 81779 39398 7913 1476 600.0 600.0
319.731562500005 81828 39675 7961 1436 600.0 600.0
319.738506944501 81232 39093 7863 1393 600.0 600.0
319.745451388881 81642 39704 8023 1435 600.0 600.0
319.752407407388 53787 25915 5104 913 601.0 395.0
319.759351851884 81435 39790 7933 1418 600.0 600.0
319.766296296264 81452 39627 7980 1435 600.0 600.0
319.773240740760 81102 39598 7891 1434 600.0 600.0
319.780185185140 81093 39494 7798 1432 600.0 600.0
319.787129629636 80911 39530 7996 1424 600.0 600.0
319.794074074016 80968 39427 7876 1397 600.0 600.0
319.801006944501 80540 39404 7811 1407 599.0 599.0
319.807951388881 80749 39370 7920 1408 600.0 600.0
319.814895833377 80972 39559 7874 1392 600.0 600.0
319.821840277757 80727 39181 7685 1408 600.0 600.0
319.828784722253 81111 39330 7993 1365 600.0 600.0
319.835729166633 81064 39021 7983 1400 600.0 600.0
319.842673611129 80842 39170 7883 1425 600.0 600.0
319.849618055508 80887 39170 7753 1345 600.0 600.0
319.856562500005 81018 38887 7699 1418 600.0 600.0
319.863506944501 81029 39037 7902 1388 600.0 600.0
319.870451388881 81543 38990 7880 1441 600.0 600.0
319.877395833377 54052 25840 5252 947 600.0 398.0
319.884340277757 81435 39277 7713 1435 600.0 600.0
319.891284722253 80738 39418 7986 1448 600.0 600.0
319.898229166633 81077 39208 7743 1519 600.0 600.0
319.905173611129 81433 39749 7839 1448 600.0 600.0
319.912118055508 81196 39161 7748 1453 600.0 600.0
319.919062500005 81877 39301 7865 1434 600.0 600.0
319.926006944501 81553 38823 7810 1376 600.0 600.0
319.932951388881 81556 39177 7756 1370 600.0 600.0
319.939895833377 81092 38993 7721 1398 600.0 600.0
319.946840277757 81305 39216 7723 1424 600.0 600.0
319.953784722253 81359 39564 8075 1436 600.0 600.0
319.960729166633 81643 39390 7805 1445 600.0 600.0
319.967673611129 81369 39189 7848 1407 600.0 600.0
319.974618055508 81503 39192 7786 1458 600.0 600.0
319.981562500005 81443 39226 7729 1377 600.0 600.0
319.988506944501 80714 39086 7607 1404 600.0 600.0
319.995451388881 80437 38995 7794 1392 600.0 600.0
320.002395833377 53258 25925 5286 937 600.0 394.0
320.009340277757 81111 39356 7882 1365 600.0 600.0
320.016284722253 81146 39405 7833 1456 600.0 600.0
320.023229166633 81689 39702 7822 1432 600.0 600.0
320.030173611129 81343 39139 7774 1363 600.0 600.0
320.037118055508 80562 39240 7846 1369 600.0 600.0
320.044062500005 80477 39296 7829 1424 600.0 600.0
320.051006944501 81362 39886 7809 1407 600.0 600.0
320.057951388881 81074 39290 7815 1407 600.0 600.0
320.064895833377 80753 39272 7839 1451 600.0 600.0
320.071840277757 80799 39743 7818 1378 600.0 600.0
320.078784722253 81012 39655 7897 1470 600.0 600.0
320.085729166633 80904 39704 7762 1398 600.0 600.0
320.092673611129 80476 39379 7777 1519 600.0 600.0
320.099618055508 80494 39921 7765 1509 600.0 600.0
320.106562500005 80453 39986 7854 1501 600.0 600.0
320.113506944501 80630 40082 7991 1446 600.0 600.0
320.120451388881 80373 39721 7880 1384 600.0 600.0
320.127395833377 53240 26202 5157 897 600.0 398.0
320.134340277757 81109 39978 7857 1412 600.0 600.0
320.141284722253 81260 39961 7894 1475 600.0 600.0
320.148229166633 80553 39863 7946 1416 600.0 600.0
320.155173611129 81005 39771 7864 1387 600.0 600.0
320.162118055508 80971 40068 7981 1466 600.0 600.0
320.169062500005 80904 39927 7836 1526 600.0 600.0
320.176006944501 80713 39923 7724 1372 600.0 600.0
320.182951388881 80944 40261 7978 1414 600.0 600.0
320.189895833377 80690 40042 7916 1412 600.0 600.0
320.196840277757 80901 40371 8029 1436 600.0 600.0
320.203784722253 80450 39822 7879 1419 600.0 600.0
320.210729166633 80768 39833 7862 1481 600.0 600.0
320.217673611129 80146 40035 7950 1341 600.0 600.0
320.224618055508 80728 40009 7929 1392 600.0 600.0
320.231562500005 80804 40027 7967 1368 600.0 600.0
320.238506944501 81102 40052 8053 1419 600.0 600.0
320.245451388881 81109 39886 7839 1446 600.0 600.0
320.252395833377 53905 26589 5220 962 600.0 397.0
320.259340277757 80709 40063 7890 1408 600.0 600.0
320.266284722253 80893 40108 7799 1456 600.0 600.0
320.273229166633 80914 40058 7918 1529 600.0 600.0
320.280173611129 80499 40254 7766 1471 600.0 600.0
320.287118055508 80558 39704 7912 1454 600.0 600.0
320.294062500005 80387 40011 7979 1408 600.0 600.0
320.301006944501 80690 40418 8062 1446 600.0 600.0
320.307951388881 80651 40162 8083 1414 600.0 600.0
320.314895833377 80608 40034 7907 1473 600.0 600.0
320.321840277757 81388 39513 7890 1423 600.0 600.0
320.328784722253 80935 40289 7899 1438 600.0 600.0
320.335729166633 80856 40320 7987 1475 600.0 600.0
320.342673611129 81084 39958 7877 1480 600.0 600.0
320.349618055508 80989 40578 8049 1448 600.0 600.0
320.356562500005 81498 40474 7998 1441 600.0 600.0
320.363506944501 80710 40130 7917 1359 600.0 600.0
320.370451388881 81222 40039 7940 1518 600.0 600.0
320.377395833377 53867 26865 5332 1000 600.0 397.0
320.384340277757 80596 39902 7877 1365 600.0 600.0
320.391284722253 80869 40067 7905 1481 600.0 600.0
320.398229166633 80971 40240 7935 1547 600.0 600.0
320.405173611129 81564 40284 7944 1449 600.0 600.0
320.412118055508 80783 39915 7911 1480 600.0 600.0
320.419062500005 80718 39570 7695 1474 600.0 600.0
320.426006944501 81165 39561 7810 1474 600.0 600.0
320.432951388881 81043 40083 7812 1471 600.0 600.0
320.439895833377 80920 40291 7887 1540 600.0 600.0
320.446840277757 80889 40289 7884 1444 600.0 600.0
320.453784722253 81463 40196 7822 1439 600.0 600.0
320.460729166633 80817 39583 7843 1497 600.0 600.0
320.467673611129 81197 40207 7943 1492 600.0 600.0
320.474618055508 81036 40160 8010 1448 600.0 600.0
320.481562500005 80924 39968 7984 1448 600.0 600.0
320.488506944501 80482 40149 7847 1450 600.0 600.0
320.495451388881 80251 39717 7824 1439 600.0 600.0
320.502418981516 53374 26425 5181 911 602.0 395.0
320.509363425896 80604 40213 8005 1430 600.0 600.0
320.516307870392 80501 40404 7978 1418 600.0 600.0
320.523252314772 80881 40529 8169 1432 600.0 600.0
320.530196759268 79801 40325 7852 1494 600.0 600.0
320.537141203647 80650 40823 8086 1435 600.0 600.0
320.544085648144 80132 40414 7886 1540 600.0 600.0
320.551030092640 80916 40317 8023 1530 600.0 600.0
320.557974537020 80653 40348 7936 1504 600.0 600.0
320.564918981516 80269 40411 7990 1441 600.0 600.0
320.571863425896 79932 40427 7915 1485 600.0 600.0
320.578807870392 80484 40603 7922 1492 600.0 600.0
320.585752314772 80619 40449 7885 1411 600.0 600.0
320.592696759268 80455 40158 7827 1537 600.0 600.0
320.599641203647 80268 39954 7800 1434 600.0 600.0
320.606585648144 80108 40149 8000 1529 600.0 600.0
320.613530092640 80048 40461 7883 1456 600.0 600.0
320.620474537020 80920 40508 7914 1542 600.0 600.0
320.627418981516 53113 26859 5349 974 600.0 395.0
320.634363425896 80771 40233 7844 1480 600.0 600.0
320.641307870392 80284 40588 7944 1427 600.0 600.0
320.648252314772 80122 40831 8039 1414 600.0 600.0
320.655196759268 80770 40538 7991 1434 600.0 600.0
320.662141203647 81085 40483 8113 1429 600.0 600.0
320.669085648144 81149 40363 7976 1449 600.0 600.0
320.676030092640 80886 40054 7926 1492 600.0 600.0
320.682974537020 80231 40336 8035 1578 600.0 600.0
320.689918981516 80488 40623 8139 1460 600.0 600.0
320.696863425896 80884 40168 7979 1458 600.0 600.0
320.703807870392 80178 40397 7895 1519 600.0 600.0
320.710752314772 80499 40738 8029 1472 600.0 600.0
320.717696759268 80762 40443 7952 1439 600.0 600.0
320.724641203647 81017 40984 8041 1487 600.0 600.0
320.731585648144 80185 40638 8065 1390 600.0 600.0
320.738530092640 80336 40884 7867 1467 600.0 600.0
320.745474537020 80173 40324 8026 1416 600.0 600.0
320.752418981516 53185 26411 5105 951 600.0 396.0
320.759363425896 80134 40619 7939 1519 600.0 600.0
320.766307870392 80937 40324 7869 1496 600.0 600.0
320.773252314772 81091 40375 7906 1444 600.0 600.0
320.780196759268 80247 40439 7867 1580 600.0 600.0
320.787141203647 80910 40579 7986 1601 600.0 600.0
320.794085648144 80604 40570 7985 1491 600.0 600.0
320.801030092640 79909 40613 7961 1555 600.0 600.0
320.807974537020 80812 40755 7963 1437 600.0 600.0
320.814918981516 80496 40126 7960 1485 600.0 600.0
320.821863425896 80566 40127 7759 1521 600.0 600.0
320.828807870392 81247 40420 7891 1552 600.0 600.0
320.835752314772 81196 40541 8026 1488 600.0 600.0
320.842696759268 80497 40403 8068 1469 600.0 600.0
320.849641203647 80136 41010 7926 1507 600.0 600.0
320.856585648144 79570 40912 7926 1519 600.0 600.0
320.863530092640 80103 40970 7926 1513 600.0 600.0
320.870474537020 79834 40735 8178 1518 600.0 600.0
320.877418981516 52520 26633 5244 991 600.0 394.0
320.884363425896 80290 40889 8107 1540 600.0 600.0
320.891307870392 79634 41103 7973 1495 600.0 600.0
320.898252314772 79241 41166 7975 1567 600.0 600.0
320.905196759268 78848 41094 7989 1508 600.0 600.0
320.912141203647 79402 40806 8007 1603 600.0 600.0
320.919085648144 80047 40920 7899 1568 600.0 600.0
320.926030092640 79225 41113 7978 1589 600.0 600.0
320.932974537020 79289 40966 7894 1477 600.0 600.0
320.939918981516 79340 41092 7985 1529 600.0 600.0
320.946863425896 79221 41119 7954 1540 600.0 600.0
320.953807870392 79251 40893 7940 1430 600.0 600.0
320.960752314772 79977 41132 7897 1474 600.0 600.0
320.967696759268 80034 41252 8021 1546 600.0 600.0
320.974641203647 78843 41161 7959 1539 600.0 600.0
320.981585648144 78880 40910 7988 1521 600.0 600.0
320.988530092640 80174 40966 7900 1535 600.0 600.0
320.995474537020 80217 41239 8132 1538 600.0 600.0
321.002418981516 52110 26816 5223 992 600.0 396.0
321.009363425896 80102 41099 7985 1541 600.0 600.0
321.016307870392 79105 40700 7869 1502 600.0 600.0
321.023252314772 79513 41163 8004 1589 600.0 600.0
321.030196759268 80044 41006 8032 1500 600.0 600.0
321.037141203647 79497 40801 7857 1482 600.0 600.0
321.044085648144 79675 41268 7918 1472 600.0 600.0
321.051030092640 79533 40746 7922 1634 600.0 600.0
321.057974537020 79716 40960 7945 1570 600.0 600.0
321.064918981516 79582 41147 7941 1520 600.0 600.0
321.071863425896 79891 40965 8076 1582 600.0 600.0
321.078807870392 78746 40759 7992 1466 600.0 600.0
321.085752314772 79317 40998 7936 1557 600.0 600.0
321.092696759268 79016 40558 7947 1435 600.0 600.0
321.099641203647 79232 41036 7975 1582 600.0 600.0
321.106585648144 79413 41253 8101 1499 600.0 600.0
321.113530092640 79059 40494 7810 1403 600.0 600.0
321.120474537020 79634 40968 7913 1502 600.0 600.0
321.127418981516 52590 26881 5375 990 600.0 394.0
321.134363425896 79194 40426 7880 1433 600.0 600.0
321.141307870392 79346 40794 7745 1501 600.0 600.0
321.148252314772 79450 41306 8064 1555 600.0 600.0
321.155196759268 79534 40722 7934 1535 600.0 600.0
321.162141203647 79563 41106 7802 1573 600.0 600.0
321.169085648144 79605 40828 7977 1527 600.0 600.0
321.176030092640 78769 41020 7901 1576 600.0 600.0
321.182974537020 79206 40803 7896 1443 600.0 600.0
321.189918981516 79590 40871 7833 1462 600.0 600.0
321.196863425896 80052 41073 7951 1492 600.0 600.0
321.203807870392 79403 40710 7816 1494 600.0 600.0
321.210752314772 79445 40717 7782 1485 600.0 600.0
321.217696759268 79443 40862 7889 1536 600.0 600.0
321.224641203647 79259 40649 7806 1486 600.0 600.0
321.231585648144 79189 40498 7846 1547 600.0 600.0
321.238530092640 79505 40740 7915 1451 600.0 600.0
321.245474537020 79162 40459 7849 1431 600.0 600.0
321.252418981516 52520 26876 5182 1012 600.0 396.0
321.259363425896 79471 40741 7929 1482 600.0 600.0
321.266307870392 79702 40177 7739 1467 600.0 600.0
321.273252314772 79931 40551 7863 1518 600.0 600.0
321.280196759268 79392 40868 7921 1495 600.0 600.0
321.287141203647 79807 40554 7818 1566 600.0 600.0
321.294085648144 79625 40167 7943 1493 600.0 600.0
321.301030092640 80027 40396 7794 1429 600.0 600.0
321.307974537020 80124 40103 7828 1571 600.0 600.0
321.314918981516 79574 40289 7860 1436 600.0 600.0
321.321863425896 80471 40763 8094 1494 600.0 600.0
321.328807870392 79780 40405 7907 1498 600.0 600.0
321.335752314772 79606 40272 7846 1440 600.0 600.0
321.342696759268 79163 40211 7917 1456 600.0 600.0
321.349641203647 79801 40562 8051 1477 600.0 600.0
321.356585648144 79739 40680 7977 1424 600.0 600.0
321.363530092640 79734 40745 7885 1507 600.0 600.0
321.370474537020 79220 40116 7802 1476 600.0 600.0
321.377418981516 52803 26850 5340 1042 600.0 395.0
321.384363425896 79719 40483 7852 1500 600.0 600.0
321.391307870392 78985 40086 7921 1416 600.0 600.0
321.398252314772 79171 39944 7849 1443 600.0 600.0
321.405196759268 79875 40152 7788 1470 600.0 600.0
321.412141203647 79433 39873 7936 1422 600.0 600.0
321.419085648144 79368 39867 7818 1455 600.0 600.0
321.426030092640 80161 40162 7916 1450 600.0 600.0
321.432974537020 79364 39548 7813 1458 600.0 600.0
321.439918981516 79409 39913 7838 1404 600.0 600.0
321.446863425896 80008 40082 7879 1433 600.0 600.0
321.453807870392 79208 39707 7707 1516 600.0 600.0
321.460752314772 79389 39583 7570 1368 600.0 600.0
321.467696759268 79375 39899 7764 1391 600.0 600.0
321.474641203647 79101 40177 7687 1535 600.0 600.0
321.481585648144 78838 40190 7720 1428 600.0 600.0
321.488530092640 79650 40046 7756 1388 600.0 600.0
321.495474537020 79134 39980 7807 1401 600.0 600.0
321.502418981516 51716 25969 5063 934 600.0 392.0
321.509363425896 79577 39686 7768 1434 600.0 600.0
321.516307870392 79689 39903 7836 1452 600.0 600.0
321.523252314772 79801 40187 7945 1512 600.0 600.0
321.530196759268 79500 39875 7863 1451 600.0 600.0
321.537141203647 78402 39693 7741 1364 600.0 600.0
321.544085648144 78758 39891 7839 1479 600.0 600.0
321.551030092640 79412 39830 7804 1416 600.0 600.0
321.557974537020 79532 39818 7794 1497 600.0 600.0
321.564918981516 79798 39769 7768 1494 600.0 600.0
321.571863425896 79183 39765 7895 1488 600.0 600.0
321.578807870392 79310 39678 7638 1385 600.0 600.0
321.585752314772 79902 40342 7863 1475 600.0 600.0
321.592696759268 79410 39717 7728 1390 600.0 600.0
321.599641203647 79161 39574 7589 1421 600.0 600.0
321.606585648144 79105 39608 7811 1436 600.0 600.0
321.613530092640 79131 39719 7792 1471 600.0 600.0
321.620474537020 79274 39624 7751 1491 600.0 600.0
321.627418981516 51681 25983 4970 964 600.0 392.0
321.634363425896 79313 39456 7881 1409 600.0 600.0
321.641307870392 78997 39813 7815 1512 600.0 600.0
321.648252314772 78708 39557 7701 1393 600.0 600.0
321.655196759268 78827 39935 7821 1389 600.0 600.0
321.662141203647 78933 39638 7730 1430 600.0 600.0
321.669085648144 79246 39755 7781 1498 600.0 600.0
321.676030092640 79049 39666 7775 1498 600.0 600.0
321.682974537020 78484 39776 7811 1466 600.0 600.0
321.689918981516 78624 39712 7763 1435 600.0 600.0
321.696863425896 79155 39682 7847 1424 600.0 600.0
321.703807870392 78713 39932 7767 1444 600.0 600.0
321.710752314772 78648 39479 7620 1404 600.0 600.0
321.717696759268 78621 39136 7631 1444 600.0 600.0
321.724641203647 78835 39167 7731 1445 600.0 600.0
321.731585648144 78428 39269 7510 1435 600.0 600.0
321.738530092640 77938 39774 7658 1447 600.0 600.0
321.745474537020 78648 39753 7693 1436 600.0 600.0
321.752418981516 51127 25911 5057 927 600.0 393.0
321.759363425896 78644 39332 7645 1428 600.0 600.0
321.766307870392 79289 39498 7830 1401 600.0 600.0
321.773252314772 78793 39171 7752 1400 600.0 600.0
321.780196759268 78809 39408 7768 1446 600.0 600.0
321.787141203647 79065 39611 7940 1437 600.0 600.0
321.794085648144 78463 39226 7775 1456 600.0 600.0
321.801030092640 78893 38828 7600 1475 600.0 600.0
321.807974537020 78657 39270 7657 1487 600.0 600.0
321.814918981516 78587 39399 7913 1541 600.0 600.0
321.821863425896 78960 38993 7790 1449 600.0 600.0
321.828807870392 79138 38963 7609 1503 600.0 600.0
321.835752314772 78636 38847 7672 1438 600.0 600.0
321.842696759268 78768 39064 7629 1445 600.0 600.0
321.849641203647 78936 39085 7781 1438 600.0 600.0
321.856585648144 79072 39178 7770 1466 600.0 600.0
321.863530092640 78940 38960 7763 1454 600.0 600.0
321.870474537020 79165 39145 7855 1454 600.0 600.0
321.877418981516 51601 25546 5107 944 600.0 396.0
321.884363425896 79674 39315 7861 1491 600.0 600.0
321.891307870392 78255 38877 7622 1437 600.0 600.0
321.898252314772 78629 39247 7690 1454 600.0 600.0
321.905196759268 78137 38789 7476 1435 600.0 600.0
321.912141203647 78613 38981 7695 1414 600.0 600.0
321.919085648144 78285 39001 7664 1427 600.0 600.0
321.926030092640 79037 38900 7557 1429 600.0 600.0
321.932974537020 78725 39058 7785 1426 600.0 600.0
321.939918981516 78918 39090 7523 1425 600.0 600.0
321.946863425896 79157 38679 7599 1502 600.0 600.0
321.953807870392 79210 39221 7680 1482 600.0 600.0
321.960752314772 78551 39018 7684 1455 600.0 600.0
321.967696759268 78908 39205 7586 1431 600.0 600.0
321.974641203647 78358 39011 7668 1450 600.0 600.0
321.981585648144 78230 38998 7569 1343 600.0 600.0
321.988530092640 78311 39069 7794 1288 600.0 600.0
321.995474537020 78586 38815 7603 1476 600.0 600.0
322.002418981516 51381 25584 5076 943 600.0 393.0
322.009363425896 78354 39026 7579 1467 600.0 600.0
322.016307870392 78171 38706 7661 1472 600.0 600.0
322.023252314772 78141 38781 7662 1457 600.0 600.0
322.030196759268 78492 39081 7766 1420 600.0 600.0
322.037141203647 78276 38808 7628 1414 600.0 600.0
322.044085648144 77961 38818 7696 1423 600.0 600.0
322.051030092640 77444 38247 7503 1346 600.0 600.0
322.057974537020 78475 38787 7640 1442 600.0 600.0
322.064918981516 78346 38853 7779 1369 600.0 600.0
322.071863425896 78352 38895 7804 1446 600.0 600.0
322.078807870392 78384 38989 7646 1504 600.0 600.0
322.085752314772 78481 39009 7645 1484 600.0 600.0
322.092696759268 78412 39073 7608 1419 600.0 600.0
322.099641203647 78227 39129 7547 1481 600.0 600.0
322.106585648144 77851 38899 7620 1420 600.0 600.0
322.113530092640 78281 38668 7610 1458 600.0 600.0
322.120474537020 77955 38565 7456 1396 600.0 600.0
322.127418981516 52251 26034 4977 926 600.0 397.0
322.134363425896 78418 38517 7518 1515 600.0 600.0
322.141307870392 77575 38462 7395 1345 600.0 600.0
322.148252314772 78111 38722 7749 1445 600.0 600.0
322.155196759268 77847 38535 7568 1403 600.0 600.0
322.162141203647 78255 39023 7812 1478 600.0 600.0
322.169085648144 78034 38947 7852 1374 600.0 600.0
322.176030092640 78142 38697 7508 1372 600.0 600.0
322.182974537020 78026 38491 7557 1394 600.0 600.0
322.189918981516 78076 38694 7650 1434 600.0 600.0
322.196863425896 77760 38334 7453 1460 600.0 600.0
322.203807870392 77859 38450 7452 1438 600.0 600.0
322.210752314772 78317 38375 7512 1493 600.0 600.0
322.217696759268 78187 38660 7716 1358 600.0 600.0
322.224641203647 78031 38788 7649 1452 600.0 600.0
322.231585648144 77695 38368 7654 1449 600.0 600.0
322.238530092640 38417 19047 3664 724 600.0 295.0
322.245474537020 78416 38753 7610 1425 600.0 600.0
322.252418981516 51668 25614 5015 953 600.0 398.0
322.259363425896 77960 38700 7653 1420 600.0 600.0
322.266307870392 78489 38605 7471 1419 600.0 600.0
322.273252314772 78244 38385 7578 1411 600.0 600.0
322.280196759268 78183 38561 7593 1401 600.0 600.0
322.287141203647 77962 38301 7589 1393 600.0 600.0
322.294085648144 78784 38411 7565 1354 600.0 600.0
322.301030092640 78195 37931 7548 1372 600.0 600.0
322.307974537020 78768 38510 7673 1339 600.0 600.0
322.314918981516 78387 38175 7428 1415 600.0 600.0
322.321863425896 78311 38205 7502 1439 600.0 600.0
322.328807870392 77466 38544 7543 1391 600.0 600.0
322.335752314772 77990 38784 7711 1392 600.0 600.0
322.342696759268 78150 37840 7460 1370 600.0 600.0
322.349641203647 78266 38173 7673 1433 600.0 600.0
322.356585648144 77679 37814 7514 1402 600.0 600.0
322.363530092640 78493 38516 7565 1400 600.0 600.0
322.370474537020 78722 38646 7713 1397 600.0 600.0
322.377418981516 51709 25162 4963 876 600.0 398.0
322.384363425896 77652 38206 7446 1297 600.0 600.0
322.391307870392 77876 38454 7458 1300 600.0 600.0
322.398252314772 77704 38314 7607 1331 600.0 600.0
322.405196759268 77396 38101 7488 1411 600.0 600.0
322.412141203647 77902 38541 7628 1335 600.0 600.0
322.419085648144 77388 37955 7549 1400 600.0 600.0
322.426030092640 77296 38078 7565 1288 600.0 600.0
322.432974537020 77004 37863 7477 1398 600.0 600.0
322.439918981516 76928 37926 7399 1365 600.0 600.0
322.446863425896 77947 37923 7392 1338 600.0 600.0
322.453807870392 78118 38121 7525 1430 600.0 600.0
322.460752314772 77881 38328 7492 1465 600.0 600.0
322.467696759268 77367 37986 7503 1339 600.0 600.0
322.474641203647 78040 38174 7473 1391 600.0 600.0
322.481585648144 77737 37966 7582 1322 600.0 600.0
322.488530092640 77766 38000 7437 1369 600.0 600.0
322.495474537020 77247 37617 7489 1358 600.0 600.0
322.502418981516 51300 24997 4870 861 600.0 398.0
322.509363425896 77507 38044 7474 1368 600.0 600.0
322.516307870392 77373 37879 7324 1312 600.0 600.0
322.523252314772 77511 37894 7412 1397 600.0 600.0
322.530196759268 77458 37639 7474 1295 600.0 600.0
322.537141203647 77343 37572 7489 1334 600.0 600.0
322.544085648144 77295 37900 7491 1412 600.0 600.0
322.551030092640 77812 38030 7561 1397 600.0 600.0
322.557974537020 77541 37818 7353 1354 600.0 600.0
322.564918981516 77272 37972 7462 1401 600.0 600.0
322.571863425896 76970 37904 7521 1309 600.0 600.0
322.578807870392 76653 37815 7418 1365 600.0 600.0
322.585752314772 77482 38167 7502 1307 600.0 600.0
322.592696759268 76750 37695 7431 1318 600.0 600.0
322.599641203647 77048 37952 7483 1294 600.0 600.0
322.606585648144 76393 37609 7331 1368 600.0 600.0
322.613530092640 76399 37846 7514 1387 600.0 600.0
322.620474537020 76429 37737 7391 1312 600.0 600.0
322.627418981516 51485 25404 5034 865 600.0 398.0
322.634363425896 77279 37610 7349 1380 600.0 600.0
322.641307870392 76661 37227 7327 1344 600.0 600.0
322.648252314772 77054 37544 7406 1389 600.0 600.0
322.655196759268 77175 37756 7535 1331 600.0 600.0
322.662141203647 76907 37740 7344 1313 600.0 600.0
322.669085648144 77237 37622 7425 1303 600.0 600.0
322.676030092640 77217 37789 7391 1425 600.0 600.0
322.682974537020 77037 37592 7397 1236 600.0 600.0
322.689918981516 77105 37124 7368 1331 600.0 600.0
322.696863425896 78502 34589 7100 1124 600.0 600.0
322.703807870392 78651 36867 7345 1269 600.0 600.0
322.710752314772 76842 36992 7440 1238 600.0 600.0
322.717696759268 76360 37191 7334 1258 600.0 600.0
322.724641203647 76913 37791 7635 1312 600.0 600.0
322.731585648144 77183 37755 7519 1287 600.0 600.0
322.738530092640 76987 37556 7419 1326 600.0 600.0
322.745474537020 76860 37361 7467 1256 600.0 600.0
322.752418981516 51116 24998 4950 809 600.0 397.0
322.759363425896 76725 37643 7485 1264 600.0 600.0
322.766307870392 76812 37309 7418 1383 600.0 600.0
322.773252314772 76305 37308 7424 1311 600.0 600.0
322.780196759268 77167 37598 7557 1277 600.0 600.0
322.787141203647 77382 37633 7614 1293 600.0 600.0
322.794085648144 76969 37358 7398 1222 600.0 600.0
322.801030092640 77104 36812 7404 1283 600.0 600.0
322.807974537020 76770 37007 7212 1288 600.0 600.0
322.814918981516 77136 37204 7393 1287 600.0 600.0
322.821863425896 77194 37321 7448 1293 600.0 600.0
322.828807870392 77144 37303 7309 1219 600.0 600.0
322.835752314772 76247 37339 7274 1262 600.0 600.0
322.842696759268 76720 37674 7538 1271 600.0 600.0
322.849641203647 76735 36914 7367 1294 600.0 600.0
322.856585648144 77286 36850 7337 1345 600.0 600.0
322.863530092640 77316 36988 7220 1313 600.0 600.0
322.870474537020 77546 37222 7314 1397 600.0 600.0
322.877418981516 50592 24218 4690 859 600.0 398.0
322.884363425896 77428 36543 7187 1277 600.0 600.0
322.891307870392 77099 36965 7246 1264 600.0 600.0
322.898252314772 76846 37272 7423 1303 600.0 600.0
322.905196759268 77490 36912 7347 1306 600.0 600.0
322.912141203647 77655 36948 7280 1286 600.0 600.0
322.919085648144 77449 37191 7548 1305 600.0 600.0
322.926030092640 76981 36732 7411 1271 600.0 600.0
322.932974537020 77376 37180 7443 1274 600.0 600.0
322.939918981516 77061 36820 7486 1296 600.0 600.0
322.946863425896 77609 36650 7367 1317 600.0 600.0
322.953807870392 76869 36996 7169 1290 600.0 600.0
322.960752314772 76931 36884 7380 1303 600.0 600.0
322.967696759268 77364 36974 7224 1285 600.0 600.0
322.974641203647 77485 37059 7533 1336 600.0 600.0
322.981585648144 77094 36591 7276 1297 600.0 600.0
322.988530092640 76815 36446 7247 1307 600.0 600.0
322.995474537020 76556 36422 7276 1272 600.0 600.0
323.002418981516 50773 24020 4795 825 600.0 397.0
323.009363425896 76801 36513 7268 1223 600.0 600.0
323.016307870392 76925 36419 7320 1263 600.0 600.0
323.023252314772 76910 36573 7464 1297 600.0 600.0
323.030196759268 77289 36758 7263 1343 600.0 600.0
323.037141203647 76497 36521 7419 1249 600.0 600.0
323.044085648144 76521 36716 7415 1225 600.0 600.0
323.051030092640 76794 36645 7353 1248 600.0 600.0
323.057974537020 76826 36643 7301 1261 600.0 600.0
323.064918981516 77090 36826 7531 1336 600.0 600.0
323.071863425896 76836 36621 7156 1280 600.0 600.0
323.078807870392 77159 36672 7225 1233 600.0 600.0
323.085752314772 77333 36954 7448 1298 600.0 600.0
323.092696759268 76476 36322 7214 1286 600.0 600.0
323.099641203647 77199 36805 7337 1249 600.0 600.0
323.106585648144 77262 36788 7319 1329 600.0 600.0
323.113530092640 77118 36844 7306 1316 600.0 600.0
323.120474537020 76701 36482 7301 1291 600.0 600.0
323.127418981516 50678 23953 4803 850 600.0 397.0
323.134363425896 77086 36530 7164 1337 600.0 600.0
323.141307870392 76625 36231 7256 1292 600.0 600.0
323.148252314772 76792 36399 7206 1258 600.0 600.0
323.155196759268 77141 36615 7255 1227 600.0 600.0
323.162141203647 76869 36506 7107 1261 600.0 600.0
323.169085648144 76757 36620 7328 1187 600.0 600.0
323.176030092640 76690 36805 7283 1261 600.0 600.0
323.182974537020 76802 36479 7348 1296 600.0 600.0
323.189918981516 76828 36430 7181 1278 600.0 600.0
323.196863425896 77075 36647 7302 1288 600.0 600.0
323.203807870392 76723 36652 7189 1363 600.0 600.0
323.210752314772 76845 36414 7306 1285 600.0 600.0
323.217696759268 76535 36381 7260 1309 600.0 600.0
323.224641203647 77130 36766 7245 1297 600.0 600.0
323.231585648144 76822 36352 7378 1180 600.0 600.0
323.238530092640 76315 36286 7204 1306 600.0 600.0
323.245474537020 77132 36664 7348 1339 600.0 600.0
323.252418981516 50442 24010 4821 885 600.0 395.0
323.259363425896 76390 36559 7230 1271 600.0 600.0
323.266307870392 76507 36488 7311 1294 600.0 600.0
323.273252314772 76358 36536 7142 1281 600.0 600.0
323.280196759268 76384 36621 7314 1186 600.0 600.0
323.287141203647 76495 36108 7187 1265 600.0 600.0
323.294085648144 76466 36169 7248 1210 600.0 600.0
323.301030092640 76745 36305 7263 1226 600.0 600.0
323.307974537020 76777 36340 7264 1280 600.0 600.0
323.314918981516 76579 36292 7439 1225 600.0 600.0
323.321863425896 76081 36655 7315 1208 600.0 600.0
323.328807870392 75984 36213 7270 1253 600.0 600.0
323.335752314772 76247 36307 7321 1261 600.0 600.0
323.342696759268 76532 36395 7175 1285 600.0 600.0
323.349641203647 76593 36456 7228 1270 600.0 600.0
323.356585648144 76556 36455 7465 1307 600.0 600.0
323.363530092640 76418 36501 7098 1239 600.0 600.0
323.370474537020 76772 36707 7219 1330 600.0 600.0
323.377465277794 50035 23779 4754 859 604.0 393.0
323.384409722174 76338 36562 7303 1194 600.0 600.0
323.391354166670 76532 36497 7320 1273 600.0 600.0
323.398298611166 76007 36086 7114 1175 600.0 600.0
323.405243055546 76383 36327 7156 1192 600.0 600.0
323.412187500042 76115 36337 7229 1242 600.0 600.0
323.419131944422 75604 35989 7175 1227 600.0 600.0
323.426076388918 76472 35747 7234 1214 600.0 600.0
323.433020833298 75791 36138 7286 1191 600.0 600.0
323.439965277794 75857 36164 7148 1203 600.0 600.0
323.446909722174 76013 36249 7246 1185 600.0 600.0
323.453854166670 76125 35769 7206 1248 600.0 600.0
323.460798611166 76118 35609 7123 1236 600.0 600.0
323.467743055546 75993 35727 7133 1245 600.0 600.0
323.474687500042 76497 36538 7411 1195 600.0 600.0
323.481631944422 75725 35918 7232 1265 600.0 600.0
323.488576388918 75926 35923 7132 1257 600.0 600.0
323.495520833298 76130 36010 7240 1292 600.0 600.0
323.502465277794 49855 23682 4708 764 600.0 395.0
323.509409722174 76439 35871 7218 1238 600.0 600.0
323.516354166670 76501 35961 7266 1201 600.0 600.0
323.523298611166 76028 35840 7112 1214 600.0 600.0
323.530243055546 76454 36043 7091 1219 600.0 600.0
323.537187500042 76052 36379 7386 1233 600.0 600.0
323.544131944422 76083 36146 7145 1253 600.0 600.0
323.551076388918 76299 35685 7168 1263 600.0 600.0
323.558020833298 76488 35581 7219 1221 600.0 600.0
323.564965277794 76387 35435 7047 1228 600.0 600.0
323.571909722174 75751 35976 7156 1287 600.0 600.0
323.578854166670 76029 36111 7145 1229 600.0 600.0
323.585798611166 75504 35677 7074 1275 600.0 600.0
323.592743055546 76331 36239 7198 1290 600.0 600.0
323.599687500042 76177 36614 7379 1247 600.0 600.0
323.606631944422 75658 36308 7237 1182 600.0 600.0
323.613576388918 75785 35726 7182 1192 600.0 600.0
323.620520833298 76204 36125 7154 1279 600.0 600.0
323.627465277794 49728 23426 4781 803 600.0 393.0
323.634409722174 76761 36168 7117 1241 600.0 600.0
323.641354166670 75865 35796 7187 1194 600.0 600.0
323.648298611166 76015 35729 7212 1276 600.0 600.0
323.655243055546 75932 36019 7222 1151 600.0 600.0
323.662187500042 76090 36014 7288 1190 600.0 600.0
323.669131944422 75684 35891 7241 1315 600.0 600.0
323.676076388918 75871 35617 7178 1202 600.0 600.0
323.683020833298 75699 35823 7251 1229 600.0 600.0
323.689965277794 75708 35841 7067 1134 600.0 600.0
323.696909722174 75424 35833 7376 1304 600.0 600.0
323.703854166670 76039 36175 7174 1260 600.0 600.0
323.710798611166 75600 35910 7193 1269 600.0 600.0
323.717743055546 75715 35874 7175 1252 600.0 600.0
323.724687500042 75679 36088 7216 1239 600.0 600.0
323.731631944422 75758 36048 7176 1246 600.0 600.0
323.738576388918 75929 35904 7270 1226 600.0 600.0
323.745520833298 75990 35725 7198 1259 600.0 600.0
323.752465277794 50047 23780 4856 846 600.0 397.0
323.759409722174 75797 35712 7044 1225 600.0 600.0
323.766354166670 75781 35857 7235 1202 600.0 600.0
323.773298611166 75265 35650 7173 1298 600.0 600.0
323.780243055546 75286 35854 7201 1239 600.0 600.0
323.787187500042 75492 35715 7167 1240 600.0 600.0
323.794131944422 75866 35916 7100 1277 600.0 600.0
323.801076388918 75648 35970 7055 1201 600.0 600.0
323.808020833298 75420 35947 7246 1214 600.0 600.0
323.814965277794 75229 35849 7155 1177 600.0 600.0
323.821909722174 74982 35621 7085 1172 600.0 600.0
323.828854166670 75146 35490 7110 1250 600.0 600.0
323.835798611166 75564 35545 7206 1237 600.0 600.0
323.842743055546 75548 35643 7026 1209 600.0 600.0
323.849687500042 75784 35875 7196 1244 600.0 600.0
323.856631944422 75646 35469 7109 1246 600.0 600.0
323.863576388918 75383 35459 7284 1172 600.0 600.0
323.870520833298 75721 35740 7195 1209 600.0 600.0
323.877465277794 49912 23573 4717 793 600.0 396.0
323.884409722174 75828 35628 7085 1197 600.0 600.0
323.891354166670 75395 35696 7079 1231 600.0 600.0
323.898298611166 75307 35605 7066 1250 600.0 600.0
323.905243055546 75071 35716 7185 1179 600.0 600.0
323.912187500042 75498 35589 7033 1206 600.0 600.0
323.919131944422 75450 35554 6986 1248 600.0 600.0
323.926076388918 75010 35528 7110 1188 600.0 600.0
323.933020833298 75089 35757 7207 1200 600.0 600.0
323.939965277794 75287 35797 7032 1187 600.0 600.0
323.946909722174 75125 35764 7196 1211 600.0 600.0
323.953854166670 75778 35595 7072 1290 600.0 600.0
323.960798611166 75713 35367 7074 1194 600.0 600.0
323.967743055546 75577 35588 7099 1271 600.0 600.0
323.974687500042 75650 35918 7227 1211 600.0 600.0
323.981631944422 74923 35690 7127 1200 600.0 600.0
323.988576388918 75104 35883 7273 1192 600.0 600.0
323.995520833298 75439 35564 7127 1245 600.0 600.0
324.002465277794 49618 23270 4652 788 600.0 394.0
324.009409722174 75491 35401 7126 1208 600.0 600.0
324.016354166670 75400 35812 7216 1234 600.0 600.0
324.023298611166 74630 35661 7148 1255 600.0 600.0
324.030243055546 75530 35821 7017 1212 600.0 600.0
324.037187500042 75030 35578 7098 1261 600.0 600.0
324.044131944422 75468 35799 7074 1218 600.0 600.0
324.051076388918 75732 35263 7078 1225 600.0 600.0
324.058020833298 75721 35335 6893 1211 600.0 600.0
324.064965277794 75475 35356 7013 1262 600.0 600.0
324.071909722174 75586 35722 7161 1182 600.0 600.0
324.078854166670 75509 35296 7044 1168 600.0 600.0
324.085798611166 75025 35549 7123 1235 600.0 600.0
324.092743055546 75063 35244 7072 1286 600.0 600.0
324.099687500042 74653 35508 7076 1204 600.0 600.0
324.106631944422 74973 35613 6989 1216 600.0 600.0
324.113576388918 75176 35625 7210 1231 600.0 600.0
324.120520833298 75115 35738 7126 1238 600.0 600.0
324.127465277794 49252 23435 4676 844 600.0 395.0
324.134409722174 74834 35632 7037 1198 600.0 600.0
324.141354166670 75170 35784 7038 1211 600.0 600.0
324.148298611166 75368 35836 7137 1276 600.0 600.0
324.155243055546 75367 35910 7115 1218 600.0 600.0
324.162187500042 75717 35899 7070 1283 600.0 600.0
324.169131944422 74842 35486 7060 1259 600.0 600.0
324.176076388918 74958 35720 7134 1221 600.0 600.0
324.183020833298 75285 35736 7092 1218 600.0 600.0
324.189965277794 74941 35505 7156 1239 600.0 600.0
324.196909722174 75324 35622 7064 1241 600.0 600.0
324.203854166670 75224 35484 6962 1234 600.0 600.0
324.210798611166 74895 35245 6976 1258 600.0 600.0
324.217743055546 75562 35614 7132 1287 600.0 600.0
324.224687500042 75011 35651 7085 1231 600.0 600.0
324.231631944422 75034 35587 7057 1261 600.0 600.0
324.238576388918 75380 35753 7153 1291 600.0 600.0
324.245520833298 75204 35693 7164 1220 600.0 600.0
324.252465277794 48589 22902 4530 794 600.0 391.0
324.259409722174 75467 35628 7160 1280 600.0 600.0
324.266354166670 75330 35708 7079 1152 600.0 600.0
324.273298611166 75397 35851 7143 1246 600.0 600.0
324.280243055546 74726 35366 7107 1208 600.0 600.0
324.287187500042 75161 35569 7061 1274 600.0 600.0
324.294131944422 75556 36059 7216 1286 600.0 600.0
324.301076388918 75669 36245 7201 1278 600.0 600.0
324.308020833298 74841 35473 7054 1277 600.0 600.0
324.314965277794 74913 35517 7224 1133 600.0 600.0
324.321909722174 74799 35724 7006 1172 600.0 600.0
324.328854166670 74998 35721 7107 1317 600.0 600.0
324.335798611166 74927 35747 7230 1268 600.0 600.0
324.342743055546 75129 35939 7103 1172 600.0 600.0
324.349687500042 75260 35640 7144 1191 600.0 600.0
324.356631944422 74927 35419 7137 1225 600.0 600.0
324.363576388918 75033 35463 6942 1220 600.0 600.0
324.370520833298 75239 34984 6961 1290 600.0 600.0
324.377465277794 49153 22988 4645 820 600.0 396.0
324.384409722174 75246 35144 7071 1228 600.0 600.0
324.391354166670 74924 35741 7158 1224 600.0 600.0
324.398298611166 74896 35327 7095 1188 600.0 600.0
324.405243055546 75263 35962 7057 1209 600.0 600.0
324.412187500042 74937 35593 7101 1233 600.0 600.0
324.419131944422 75204 35597 7098 1225 600.0 600.0
324.426076388918 74704 35604 6988 1221 600.0 600.0
324.433020833298 75165 35169 7103 1258 600.0 600.0
324.439965277794 75191 35068 6895 1223 600.0 600.0
324.446909722174 74990 35547 7135 1118 600.0 600.0
324.453854166670 75134 35495 6968 1249 600.0 600.0
324.460798611166 74706 35437 7197 1213 600.0 600.0
324.467743055546 75469 35342 7094 1272 600.0 600.0
324.474687500042 74893 35239 7043 1196 600.0 600.0
324.481631944422 75465 35988 7198 1174 600.0 600.0
324.488576388918 74735 35367 7053 1261 600.0 600.0
324.495520833298 75208 35446 7019 1193 600.0 600.0
324.502465277794 49811 23464 4677 802 600.0 396.0
324.509409722174 74757 35542 7072 1167 600.0 600.0
324.516354166670 74407 35397 7120 1252 600.0 600.0
324.523298611166 74889 35482 7180 1225 600.0 600.0
324.530243055546 74466 35657 7029 1238 600.0 600.0
324.537187500042 74725 35196 6974 1232 600.0 600.0
324.544131944422 75456 35714 7143 1168 600.0 600.0
324.551076388918 74434 35475 7161 1187 600.0 600.0
324.558020833298 74869 35634 7113 1174 600.0 600.0
324.564965277794 74610 35171 7000 1231 600.0 600.0
324.571909722174 75234 35497 7105 1200 600.0 600.0
324.578854166670 75108 35417 7061 1193 600.0 600.0
324.585798611166 75420 35773 7161 1254 600.0 600.0
324.592743055546 74697 35276 7084 1199 600.0 600.0
324.599687500042 75818 35780 7236 1257 600.0 600.0
324.606631944422 75639 35670 7160 1228 600.0 600.0
324.613576388918 75023 35195 6946 1198 600.0 600.0
324.620520833298 75444 35807 7069 1299 600.0 600.0
324.627465277794 49974 23551 4635 837 600.0 396.0
324.634409722174 75358 35955 7145 1269 600.0 600.0
324.641354166670 75036 35723 7033 1240 600.0 600.0
324.648298611166 75262 35655 7163 1235 600.0 600.0
324.655243055546 75149 35558 7114 1256 600.0 600.0
324.662187500042 75560 35875 7250 1262 600.0 600.0
324.669131944422 74979 35339 7142 1191 600.0 600.0
324.676076388918 75431 35618 7098 1241 600.0 600.0
324.683020833298 75200 35663 6988 1179 600.0 600.0
324.689965277794 75220 35659 7078 1265 600.0 600.0
324.696909722174 75538 35939 7278 1249 600.0 600.0
324.703854166670 75658 35776 7044 1290 600.0 600.0
324.710798611166 75507 35748 7218 1317 600.0 600.0
324.717743055546 75313 35530 7131 1310 600.0 600.0
324.724687500042 75213 35764 7066 1234 600.0 600.0
324.731631944422 75598 35732 7087 1237 600.0 600.0
324.738576388918 74775 35561 7091 1255 600.0 600.0
324.745520833298 74373 35025 6912 1192 600.0 600.0
324.752465277794 49732 23513 4663 809 600.0 396.0
324.759409722174 74650 35590 7210 1215 600.0 600.0
324.766354166670 75005 35341 7034 1241 600.0 600.0
324.773298611166 74968 35482 7059 1217 600.0 600.0
324.780243055546 75748 35125 7087 1229 600.0 600.0
324.787187500042 74576 35260 7090 1232 600.0 600.0
324.794131944422 74024 34879 6945 1212 600.0 600.0
324.801076388918 74964 35573 7055 1225 600.0 600.0
324.808020833298 74415 35278 6953 1257 600.0 600.0
324.814965277794 74387 35222 7003 1274 600.0 600.0
324.821909722174 74916 35546 7113 1248 600.0 600.0
324.828854166670 74242 35276 7087 1288 600.0 600.0
324.835798611166 74141 35216 7066 1188 600.0 600.0
324.842743055546 74633 34956 7014 1260 600.0 600.0
324.849687500042 74781 35204 7073 1235 600.0 600.0
324.856631944422 74271 34814 7008 1221 600.0 600.0
324.863576388918 74321 35074 7072 1226 600.0 600.0
324.870520833298 74477 35109 6935 1255 600.0 600.0
324.877465277794 48701 22956 4555 796 600.0 393.0
324.884409722174 74354 35394 6997 1240 600.0 600.0
324.891354166670 74632 35194 7084 1260 600.0 600.0
324.898298611166 74813 35256 7041 1233 600.0 600.0
324.905243055546 74638 35020 7023 1254 600.0 600.0
324.912187500042 74811 35424 7156 1253 600.0 600.0
324.919131944422 74970 35020 6903 1276 600.0 600.0
324.926076388918 74432 35143 6835 1196 600.0 600.0
324.933020833298 74497 35025 6877 1188 600.0 600.0
324.939965277794 74106 34907 6983 1321 600.0 600.0
324.946909722174 74074 35181 7035 1183 600.0 600.0
324.953854166670 74489 34908 6937 1261 600.0 600.0
324.960798611166 74554 35196 6933 1230 600.0 600.0
324.967743055546 74141 34985 7012 1191 600.0 600.0
324.974687500042 74110 35204 6972 1229 600.0 600.0
324.981631944422 74357 35034 6976 1191 600.0 600.0
324.988576388918 74120 35131 6967 1230 600.0 600.0
324.995520833298 74116 35341 7111 1172 600.0 600.0
325.002465277794 48870 22949 4518 792 600.0 395.0
325.009409722174 74464 35012 6865 1217 600.0 600.0
325.016354166670 74386 35056 7087 1196 600.0 600.0
325.023298611166 74814 35137 6953 1259 600.0 600.0
325.030243055546 74394 35122 6996 1158 600.0 600.0
325.037187500042 74657 35270 7099 1246 600.0 600.0
325.044131944422 74327 34929 7028 1225 600.0 600.0
325.051076388918 74315 34776 6940 1116 600.0 600.0
325.058020833298 74503 34914 6924 1185 600.0 600.0
325.064965277794 74484 34995 6980 1243 600.0 600.0
325.071909722174 74355 35031 6944 1148 600.0 600.0
325.078854166670 74798 35364 6980 1204 600.0 600.0
325.085798611166 74686 35124 7005 1202 600.0 600.0
325.092743055546 74102 34604 6896 1243 600.0 600.0
325.099687500042 74346 34827 6958 1270 600.0 600.0
325.106631944422 74359 35080 7071 1190 600.0 600.0
325.113576388918 74347 34926 7091 1199 600.0 600.0
325.120520833298 74694 35059 7090 1247 600.0 600.0
325.127465277794 49428 23115 4572 852 600.0 396.0
325.134409722174 74640 35051 6916 1239 600.0 600.0
325.141354166670 74626 35138 7044 1202 600.0 600.0
325.148298611166 74590 35098 7002 1314 600.0 600.0
325.155243055546 74298 35183 7022 1277 600.0 600.0
325.162187500042 74351 35395 7072 1243 600.0 600.0
325.169131944422 74149 35294 6998 1283 600.0 600.0
325.176076388918 75312 35345 6940 1303 600.0 600.0
325.183020833298 74332 34896 7076 1291 600.0 600.0
325.189965277794 74710 35112 7003 1244 600.0 600.0
325.196909722174 74663 34618 6796 1281 600.0 600.0
325.203854166670 74385 34973 6955 1249 600.0 600.0
325.210798611166 74713 35412 7031 1232 600.0 600.0
325.217743055546 73881 34653 6976 1245 600.0 600.0
325.224687500042 75160 35486 7054 1248 600.0 600.0
325.231631944422 74440 35135 6861 1247 600.0 600.0
325.238576388918 74810 35293 6910 1283 600.0 600.0
325.245520833298 74108 34950 6905 1219 600.0 600.0
325.252465277794 49219 23216 4472 843 600.0 396.0
325.259409722174 74319 35335 7049 1307 600.0 600.0
325.266354166670 74626 35365 7000 1235 600.0 600.0
325.273298611166 74694 35425 7128 1298 600.0 600.0
325.280243055546 74732 35366 7016 1236 600.0 600.0
325.287187500042 74121 35261 7055 1197 600.0 600.0
325.294131944422 74699 35614 7087 1282 600.0 600.0
325.301076388918 74331 35422 6984 1205 600.0 600.0
325.308020833298 74574 34982 6956 1199 600.0 600.0
325.314965277794 74567 34918 7052 1178 600.0 600.0
325.321909722174 74210 35103 6989 1138 600.0 600.0
325.328854166670 74288 34958 6844 1175 600.0 600.0
325.335798611166 74348 34747 6974 1225 600.0 600.0
325.342743055546 74474 35052 7112 1186 600.0 600.0
325.349687500042 74733 35240 7169 1254 600.0 600.0
325.356631944422 74475 35176 7033 1230 600.0 600.0
325.363576388918 74364 35304 7072 1268 600.0 600.0
325.370520833298 74333 35141 7070 1195 600.0 600.0
325.377465277794 48822 23055 4556 789 600.0 395.0
325.384409722174 74392 34943 6851 1181 600.0 600.0
325.391354166670 74288 35409 6887 1178 600.0 600.0
325.398298611166 74233 35333 7055 1231 600.0 600.0
325.405243055546 74085 35281 7091 1189 600.0 600.0
325.412187500042 74084 34413 6850 1236 600.0 600.0
325.419131944422 74814 34881 6994 1183 600.0 600.0
325.426076388918 74361 35104 6990 1265 600.0 600.0
325.433020833298 74217 34805 6953 1240 600.0 600.0
325.439965277794 74426 35121 6811 1224 600.0 600.0
325.446909722174 74333 35012 6919 1207 600.0 600.0
325.453854166670 74375 34756 6915 1252 600.0 600.0
325.460798611166 74523 34576 6955 1214 600.0 600.0
325.467743055546 74930 34889 6923 1271 600.0 600.0
325.474687500042 74601 34657 6913 1204 600.0 600.0
325.481631944422 74070 34914 6969 1167 600.0 600.0
325.488576388918 74710 34780 6903 1227 600.0 600.0
325.495520833298 73971 34579 6784 1204 600.0 600.0
325.502465277794 48753 23117 4519 779 600.0 396.0
325.509409722174 73255 35067 7033 1175 600.0 600.0
325.516354166670 73926 35198 7028 1227 600.0 600.0
325.523298611166 73595 34958 6950 1156 600.0 600.0
325.530243055546 73938 34778 6934 1158 600.0 600.0
325.537187500042 73891 34989 6993 1223 600.0 600.0
325.544131944422 74328 35213 7068 1225 600.0 600.0
325.551076388918 74111 34814 7081 1206 600.0 600.0
325.558020833298 74240 34919 7105 1194 600.0 600.0
325.564965277794 74622 35176 6927 1268 600.0 600.0
325.571909722174 74583 35318 7040 1254 600.0 600.0
325.578854166670 74674 34932 7109 1228 600.0 600.0
325.585798611166 74386 34757 6851 1261 600.0 600.0
325.592743055546 74575 35093 6929 1177 600.0 600.0
325.599687500042 74654 34773 6877 1265 600.0 600.0
325.606631944422 74849 34472 6954 1259 600.0 600.0
325.613576388918 74372 34648 6928 1230 600.0 600.0
325.620520833298 74681 34891 7127 1207 600.0 600.0
325.627465277794 49501 22953 4593 873 600.0 397.0
325.634409722174 74944 35540 7053 1298 600.0 600.0
325.641354166670 74771 35350 7088 1293 600.0 600.0
325.648298611166 74395 34887 7108 1227 600.0 600.0
325.655243055546 74527 34700 6936 1258 600.0 600.0
325.662187500042 74652 34939 6862 1277 600.0 600.0
325.669131944422 74450 34807 6844 1288 600.0 600.0
325.676076388918 74685 35557 6962 1234 600.0 600.0
325.683020833298 74087 35212 7100 1213 600.0 600.0
325.689965277794 74393 35058 6917 1200 600.0 600.0
325.696909722174 74386 34567 6921 1241 600.0 600.0
325.703854166670 74949 35210 6987 1268 600.0 600.0
325.710798611166 74681 35143 7010 1271 600.0 600.0
325.717743055546 74020 34976 6931 1235 600.0 600.0
325.724687500042 74284 34627 6875 1208 600.0 600.0
325.731631944422 74835 34928 7084 1171 600.0 600.0
325.738576388918 74646 34591 6847 1203 600.0 600.0
325.745520833298 74961 34900 7014 1241 600.0 600.0
325.752465277794 49795 23324 4760 857 600.0 397.0
325.759409722174 74603 34982 6886 1223 600.0 600.0
325.766354166670 74636 35216 6996 1209 600.0 600.0
325.773298611166 73816 34530 6874 1189 600.0 600.0
325.780243055546 74563 34874 6884 1196 600.0 600.0
325.787187500042 74494 34810 6968 1255 600.0 600.0
325.794131944422 74141 34923 7039 1175 600.0 600.0
325.801076388918 74635 35054 6979 1179 600.0 600.0
325.808020833298 74667 35162 7009 1219 600.0 600.0
325.814965277794 73800 34382 6987 1234 600.0 600.0
325.821909722174 74282 34864 6973 1230 600.0 600.0
325.828854166670 74201 35019 7028 1199 600.0 600.0
325.835798611166 73870 34454 6921 1197 600.0 600.0
325.842743055546 73983 34533 6838 1232 600.0 600.0
325.849687500042 74551 34958 6927 1248 600.0 600.0
325.856631944422 74062 34941 7012 1167 600.0 600.0
325.863576388918 74278 34734 6822 1202 600.0 600.0
325.870520833298 74307 34965 6928 1240 600.0 600.0
325.877465277794 48311 22816 4563 823 600.0 392.0
325.884409722174 73903 34742 6836 1206 600.0 600.0
325.891354166670 73659 34525 6841 1210 600.0 600.0
325.898298611166 73757 34577 6893 1248 600.0 600.0
325.905243055546 74061 34553 6797 1178 600.0 600.0
325.912187500042 74519 34789 6915 1251 600.0 600.0
325.919131944422 74293 34466 7027 1251 600.0 600.0
325.926076388918 74056 34411 6827 1175 600.0 600.0
325.933020833298 73884 34338 6940 1220 600.0 600.0
325.939965277794 73888 34339 6807 1223 600.0 600.0
325.946909722174 73503 34700 6894 1212 600.0 600.0
325.953854166670 73929 34798 6965 1233 600.0 600.0
325.960798611166 73741 34723 6818 1214 600.0 600.0
325.967743055546 73636 34526 6752 1231 600.0 600.0
325.974687500042 74028 34617 6872 1212 600.0 600.0
325.981631944422 73515 34333 6919 1193 600.0 600.0
325.988576388918 73809 34818 6906 1179 600.0 600.0
325.995520833298 73622 34500 6846 1227 600.0 600.0
326.002465277794 49007 22819 4612 785 600.0 396.0
326.009409722174 74256 34502 6972 1217 600.0 600.0
326.016354166670 73880 34388 6846 1208 600.0 600.0
326.023298611166 74028 34023 6821 1196 600.0 600.0
326.030243055546 74225 34407 6925 1201 600.0 600.0
326.037187500042 74348 34725 6914 1216 600.0 600.0
326.044131944422 73471 34205 6822 1186 600.0 600.0
326.051076388918 73541 34763 6870 1257 600.0 600.0
326.058020833298 74730 34691 7003 1226 600.0 600.0
326.064965277794 74068 34404 6906 1244 600.0 600.0
326.071909722174 74722 34607 6929 1217 600.0 600.0
326.078854166670 74143 34448 6917 1180 600.0 600.0
326.085798611166 74386 34239 6966 1108 600.0 600.0
326.092743055546 74705 34426 6963 1215 600.0 600.0
326.099687500042 74579 34425 6817 1185 600.0 600.0
326.106631944422 74333 34832 6978 1168 600.0 600.0
326.113576388918 73475 34812 6858 1207 600.0 600.0
326.120520833298 73751 34820 6992 1227 600.0 600.0
326.127465277794 49099 22958 4540 833 600.0 398.0
326.134409722174 74124 34919 7053 1163 600.0 600.0
326.141354166670 73575 34714 7022 1172 600.0 600.0
326.148298611166 74182 34960 6945 1136 600.0 600.0
326.155243055546 73664 34204 6853 1156 600.0 600.0
326.162187500042 73611 34608 6939 1180 600.0 600.0
326.169131944422 73587 34694 7076 1208 600.0 600.0
326.176076388918 74305 35053 6946 1278 600.0 600.0
326.183020833298 74141 34698 6836 1272 600.0 600.0
326.189965277794 73816 34558 6763 1187 600.0 600.0
326.196909722174 74344 34886 6984 1183 600.0 600.0
326.203854166670 74428 34730 6859 1205 600.0 600.0
326.210798611166 74075 34525 6860 1257 600.0 600.0
326.217743055546 74288 34638 7036 1191 600.0 600.0
326.224687500042 74448 34583 6866 1192 600.0 600.0
326.231631944422 74025 34695 6970 1212 600.0 600.0
326.238576388918 74059 34359 6845 1198 600.0 600.0
326.245520833298 74406 34749 7000 1235 600.0 600.0
326.252465277794 49046 22792 4527 810 600.0 395.0
326.259409722174 74264 34531 6935 1214 600.0 600.0
326.266354166670 74596 34740 6980 1242 600.0 600.0
326.273298611166 74278 34525 6846 1238 600.0 600.0
326.280243055546 73991 34522 6891 1216 600.0 600.0
326.287187500042 73966 34758 7076 1194 600.0 600.0
326.294131944422 74225 35032 6871 1203 600.0 600.0
326.301076388918 74051 34674 6923 1236 600.0 600.0
326.308020833298 74293 34835 6943 1217 600.0 600.0
326.314965277794 74426 34853 7085 1204 600.0 600.0
326.321909722174 73934 34613 6819 1265 600.0 600.0
326.328854166670 74235 35040 7030 1191 600.0 600.0
326.335798611166 74349 34989 6883 1187 600.0 600.0
326.342743055546 74227 34850 6818 1219 600.0 600.0
326.349687500042 73935 34793 6976 1235 600.0 600.0
326.356631944422 73954 34723 6789 1176 600.0 600.0
326.363576388918 74579 34586 6840 1240 600.0 600.0
326.370520833298 74286 34374 7013 1214 600.0 600.0
326.377465277794 48882 22787 4540 752 600.0 395.0
326.384409722174 73731 34748 7006 1264 600.0 600.0
326.391354166670 73672 34650 6810 1179 600.0 600.0
326.398298611166 73488 34481 6914 1184 600.0 600.0
326.405243055546 74064 34504 7036 1144 600.0 600.0
326.412187500042 73688 34242 6905 1220 600.0 600.0
326.419131944422 74287 34614 6982 1245 600.0 600.0
326.426076388918 74144 34802 6976 1224 600.0 600.0
326.433020833298 73754 34532 6978 1234 600.0 600.0
326.439965277794 74034 34746 6965 1186 600.0 600.0
326.446909722174 73693 34953 6925 1239 600.0 600.0
326.453854166670 73516 34326 6960 1256 600.0 600.0
326.460798611166 73886 34554 6872 1212 600.0 600.0
326.467743055546 73541 34431 6907 1237 600.0 600.0
326.474687500042 73604 34724 6866 1187 600.0 600.0
326.481631944422 73658 34755 6802 1244 600.0 600.0
326.488576388918 73872 34635 6896 1198 600.0 600.0
326.495520833298 74442 33876 6707 1227 600.0 600.0
326.502465277794 49303 22472 4637 766 600.0 396.0
326.509409722174 74172 35021 7041 1221 600.0 600.0
326.516354166670 74102 34902 6979 1252 600.0 600.0
326.523298611166 74394 34904 7111 1202 600.0 600.0
326.530243055546 74363 34773 6897 1225 600.0 600.0
326.537187500042 73653 34580 6838 1243 600.0 600.0
326.544131944422 74096 34706 6994 1174 600.0 600.0
326.551076388918 74635 34788 7033 1188 600.0 600.0
326.558020833298 74014 34349 6772 1256 600.0 600.0
326.564965277794 74322 34099 6964 1197 600.0 600.0
326.571909722174 74560 34100 6819 1184 600.0 600.0
326.578854166670 75247 34524 6889 1276 600.0 600.0
326.585798611166 74640 34445 7064 1266 600.0 600.0
326.592743055546 74409 34463 7006 1298 600.0 600.0
326.599687500042 74890 35106 7074 1270 600.0 600.0
326.606631944422 74241 34591 7003 1274 600.0 600.0
326.613576388918 74500 34786 6990 1257 600.0 600.0
326.620520833298 74416 34614 6907 1228 600.0 600.0
326.627465277794 49070 22673 4492 816 600.0 396.0
326.634409722174 74621 34691 7040 1229 600.0 600.0
326.641354166670 74273 34613 6886 1253 600.0 600.0
326.648298611166 74688 35010 6975 1233 600.0 600.0
326.655243055546 74236 34595 6971 1241 600.0 600.0
326.662187500042 73986 34849 6949 1206 600.0 600.0
326.669131944422 73921 34741 7025 1191 600.0 600.0
326.676076388918 73962 35031 7019 1288 600.0 600.0
326.683020833298 74205 34974 6957 1282 600.0 600.0
326.689965277794 74224 34571 7029 1231 600.0 600.0
326.696909722174 75040 34957 7004 1292 600.0 600.0
326.703854166670 73905 34840 6956 1244 600.0 600.0
326.710798611166 73914 35227 7016 1289 600.0 600.0
326.717743055546 73782 34954 6938 1302 600.0 600.0
326.724687500042 74578 35136 7040 1272 600.0 600.0
326.731631944422 74371 35081 6972 1230 600.0 600.0
326.738576388918 73439 35341 7020 1285 600.0 600.0
326.745520833298 74001 35523 7060 1296 600.0 600.0
326.752465277794 47993 23232 4650 858 600.0 389.0
326.759409722174 73750 34766 6954 1265 600.0 600.0
326.766354166670 74529 35131 6935 1260 600.0 600.0
326.773298611166 74153 35311 6922 1252 600.0 600.0
326.780243055546 73798 35469 6957 1218 600.0 600.0
326.787187500042 73805 35050 6909 1265 600.0 600.0
326.794131944422 74731 35281 7082 1243 600.0 600.0
326.801076388918 74069 34323 6640 1240 600.0 600.0
326.808020833298 73881 34544 6792 1158 600.0 600.0
326.814965277794 74144 35100 6940 1226 600.0 600.0
326.821909722174 73674 34528 6874 1141 600.0 600.0
326.828854166670 74116 34665 6961 1240 600.0 600.0
326.835798611166 74196 34617 6820 1213 600.0 600.0
326.842743055546 74287 34442 6908 1297 600.0 600.0
326.849687500042 73987 34532 6919 1223 600.0 600.0
326.856631944422 74126 34726 6836 1264 600.0 600.0
326.863576388918 74267 34276 6755 1285 600.0 600.0
326.870520833298 73663 34529 6943 1172 600.0 600.0
326.877465277794 48103 22529 4643 767 600.0 390.0
326.884409722174 74032 34824 7037 1257 600.0 600.0
326.891354166670 74316 34650 7001 1180 600.0 600.0
326.898298611166 74298 34318 6883 1187 600.0 600.0
326.905243055546 73482 33988 6766 1247 600.0 600.0
326.912187500042 73529 34589 6893 1234 600.0 600.0
326.919131944422 73836 34659 6909 1134 600.0 600.0
326.926076388918 73521 34671 6907 1197 600.0 600.0
326.933020833298 74152 34735 7089 1217 600.0 600.0
326.939965277794 73860 34332 6833 1260 600.0 600.0
326.946909722174 73787 34503 6849 1212 600.0 600.0
326.953854166670 73844 34225 6766 1174 600.0 600.0
326.960798611166 73843 34380 6850 1208 600.0 600.0
326.967743055546 73445 34595 6887 1243 600.0 600.0
326.974687500042 73862 34341 6797 1239 600.0 600.0
326.981631944422 74196 34590 6856 1195 600.0 600.0
326.988576388918 73610 33988 6807 1209 600.0 600.0
326.995520833298 73933 34078 6774 1169 600.0 600.0
327.002465277794 48828 22682 4650 852 600.0 394.0
327.009409722174 73750 34513 6945 1181 600.0 600.0
327.016354166670 73400 34415 7028 1242 600.0 600.0
327.023298611166 74282 34918 7066 1258 600.0 600.0
327.030243055546 73961 34686 6797 1203 600.0 600.0
327.037187500042 74029 34686 7072 1300 600.0 600.0
327.044131944422 74345 34312 6893 1185 600.0 600.0
327.051076388918 74158 34424 6779 1236 600.0 600.0
327.058020833298 74080 34265 6947 1305 600.0 600.0
327.064965277794 74048 34213 6787 1271 600.0 600.0
327.071909722174 74045 34731 6791 1249 600.0 600.0
327.078854166670 73945 34409 6960 1245 600.0 600.0
327.085798611166 73875 34435 6864 1276 600.0 600.0
327.092743055546 74154 34824 6936 1176 600.0 600.0
327.099687500042 73825 34576 6923 1210 600.0 600.0
327.106631944422 73861 34444 7006 1277 600.0 600.0
327.113576388918 74278 34696 6976 1221 600.0 600.0
327.120520833298 74079 34653 6839 1269 600.0 600.0
327.127465277794 48868 22955 4453 828 600.0 397.0
327.134409722174 74411 35238 6885 1186 600.0 600.0
327.141354166670 74064 34836 6807 1234 600.0 600.0
327.148298611166 73649 34728 6907 1223 600.0 600.0
327.155243055546 73996 34608 6939 1241 600.0 600.0
327.162187500042 73907 35263 7050 1251 600.0 600.0
327.169131944422 73935 34901 7028 1240 600.0 600.0
327.176076388918 73949 34582 6842 1206 600.0 600.0
327.183020833298 73878 34721 6909 1189 600.0 600.0
327.189965277794 73919 34980 7019 1240 600.0 600.0
327.196909722174 74269 34703 6943 1221 600.0 600.0
327.203854166670 74095 34355 6772 1274 600.0 600.0
327.210798611166 74058 34825 6893 1234 600.0 600.0
327.217743055546 74276 35224 7034 1301 600.0 600.0
327.224687500042 73844 35159 6922 1242 600.0 600.0
327.231631944422 73887 35061 6876 1239 600.0 600.0
327.238576388918 74425 34779 6947 1253 600.0 600.0
327.245520833298 74103 34656 6833 1218 600.0 600.0
327.252465277794 49378 23112 4567 820 600.0 396.0
327.259409722174 74340 34600 7003 1305 600.0 600.0
327.266354166670 74389 35106 6965 1166 600.0 600.0
327.273298611166 74258 34811 6922 1302 600.0 600.0
327.280243055546 73872 35207 6932 1264 600.0 600.0
327.287187500042 74444 35021 7042 1275 600.0 600.0
327.294131944422 74555 34994 6890 1307 600.0 600.0
327.301076388918 73495 34592 6793 1280 600.0 600.0
327.308020833298 74020 34710 6973 1245 600.0 600.0
327.314965277794 74218 34577 6907 1255 600.0 600.0
327.321909722174 74206 34787 6915 1265 600.0 600.0
327.328854166670 74441 35246 7021 1136 600.0 600.0
327.335798611166 73807 34674 6932 1223 600.0 600.0
327.342743055546 74237 35050 7019 1229 600.0 600.0
327.349687500042 73741 34795 6921 1141 600.0 600.0
327.356631944422 73986 34768 6989 1220 600.0 600.0
327.363576388918 74459 35052 7150 1246 600.0 600.0
327.370520833298 74078 34826 6902 1312 600.0 600.0
327.377465277794 48259 23016 4629 812 600.0 394.0
327.384409722174 74140 35167 6915 1291 600.0 600.0
327.391354166670 73963 34896 6909 1214 600.0 600.0
327.398298611166 73956 34943 6880 1254 600.0 600.0
327.405243055546 74270 34899 7025 1229 600.0 600.0
327.412187500042 74506 34801 6876 1344 600.0 600.0
327.419131944422 73734 34422 6940 1222 600.0 600.0
327.426076388918 74104 34741 6864 1277 600.0 600.0
327.433020833298 74414 34907 6986 1233 600.0 600.0
327.439965277794 74210 35046 6854 1264 600.0 600.0
327.446909722174 74405 34957 7030 1240 600.0 600.0
327.453854166670 73801 34610 6848 1225 600.0 600.0
327.460798611166 73474 34456 6953 1218 600.0 600.0
327.467743055546 74245 34903 6973 1289 600.0 600.0
327.474687500042 74302 34607 6942 1265 600.0 600.0
327.481631944422 74052 34821 6949 1169 600.0 600.0
327.488576388918 74237 34731 6839 1274 600.0 600.0
327.495520833298 74102 34673 6752 1230 600.0 600.0
327.502465277794 48794 22778 4564 748 600.0 395.0
327.509409722174 73872 34940 6899 1237 600.0 600.0
327.516354166670 74304 35152 7047 1217 600.0 600.0
327.523298611166 74054 34886 7067 1230 600.0 600.0
327.530243055546 74295 34388 6838 1232 600.0 600.0
327.537187500042 74456 34909 6966 1246 600.0 600.0
327.544131944422 74013 34508 6953 1285 600.0 600.0
327.551076388918 74305 34798 7012 1317 600.0 600.0
327.558020833298 73688 35231 6988 1251 600.0 600.0
327.564965277794 74020 35309 7031 1288 600.0 600.0
327.571909722174 74059 34551 6915 1260 600.0 600.0
327.578854166670 74189 35168 6995 1258 600.0 600.0
327.585798611166 73403 34852 6792 1198 600.0 600.0
327.592743055546 74061 35273 7092 1235 600.0 600.0
327.599687500042 74170 35154 6984 1270 600.0 600.0
327.606631944422 73998 35240 7107 1252 600.0 600.0
327.613576388918 73784 35371 7082 1197 600.0 600.0
327.620520833298 73497 35509 6944 1238 600.0 600.0
327.627465277794 48291 23468 4660 879 600.0 392.0
327.634409722174 73334 35241 6955 1267 600.0 600.0
327.641354166670 73565 35212 6901 1208 600.0 600.0
327.648298611166 73846 35124 7054 1281 600.0 600.0
327.655243055546 73608 35167 6983 1280 600.0 600.0
327.662187500042 74023 35503 7083 1309 600.0 600.0
327.669131944422 73641 35072 6931 1260 600.0 600.0
327.676076388918 73134 35350 6973 1250 600.0 600.0
327.683020833298 74048 35370 7045 1255 600.0 600.0
327.689965277794 74070 35502 7086 1225 600.0 600.0
327.696909722174 73556 35772 6990 1279 600.0 600.0
327.703854166670 73540 35443 6918 1264 600.0 600.0
327.710798611166 74292 35576 6944 1270 600.0 600.0
327.717743055546 74122 35421 7211 1322 600.0 600.0
327.724687500042 73145 35000 7022 1196 600.0 600.0
327.731631944422 73106 35398 7095 1235 600.0 600.0
327.738576388918 73590 35661 7051 1247 600.0 600.0
327.745520833298 73917 35473 6966 1237 600.0 600.0
327.752465277794 48251 23036 4636 826 600.0 394.0
327.759409722174 73781 35393 6950 1317 600.0 600.0
327.766354166670 73969 35106 6965 1260 600.0 600.0
327.773298611166 74265 35583 7115 1217 600.0 600.0
327.780243055546 73621 35371 7058 1206 600.0 600.0
327.787187500042 73761 35261 6889 1243 600.0 600.0
327.794131944422 73489 35546 6976 1299 600.0 600.0
327.801076388918 73827 35460 7079 1327 600.0 600.0
327.808020833298 74132 34814 6978 1278 600.0 600.0
327.814965277794 73888 35112 7111 1298 600.0 600.0
327.821909722174 73873 35120 7036 1238 600.0 600.0
327.828854166670 73630 35055 7000 1217 600.0 600.0
327.835798611166 74174 35104 6919 1182 600.0 600.0
327.842743055546 73954 34833 6981 1153 600.0 600.0
327.849687500042 74153 35153 7089 1251 600.0 600.0
327.856631944422 74062 35403 7024 1263 600.0 600.0
327.863576388918 73721 35167 7042 1223 600.0 600.0
327.870520833298 73499 34888 6966 1214 600.0 600.0
327.877465277794 48238 23092 4545 749 600.0 391.0
327.884409722174 74373 35204 6990 1294 600.0 600.0
327.891354166670 74345 34913 6812 1269 600.0 600.0
327.898298611166 73794 34880 6936 1191 600.0 600.0
327.905243055546 73436 35248 7043 1263 600.0 600.0
327.912187500042 73285 34523 6809 1236 600.0 600.0
327.919131944422 74595 34807 6998 1241 600.0 600.0
327.926076388918 74166 34584 7093 1179 600.0 600.0
327.933020833298 74127 34617 6905 1216 600.0 600.0
327.939965277794 73641 34825 7058 1299 600.0 600.0
327.946909722174 73396 35087 6933 1194 600.0 600.0
327.953854166670 73998 34976 7021 1318 600.0 600.0
327.960798611166 74405 34924 6964 1261 600.0 600.0
327.967743055546 74154 34762 6968 1252 600.0 600.0
327.974687500042 74949 35000 6932 1294 600.0 600.0
327.981631944422 74264 35070 7002 1183 600.0 600.0
327.988576388918 73966 35293 6915 1271 600.0 600.0
327.995520833298 74407 34750 6965 1265 600.0 600.0
328.002465277794 48463 22590 4507 839 600.0 394.0
328.009409722174 74227 34601 6869 1250 600.0 600.0
328.016354166670 73948 34935 6960 1202 600.0 600.0
328.023298611166 73666 34804 7025 1298 600.0 600.0
328.030243055546 73707 34340 6887 1261 600.0 600.0
328.037187500042 74058 35068 6938 1189 600.0 600.0
328.044131944422 73717 34907 6932 1263 600.0 600.0
328.051076388918 74460 34684 7071 1299 600.0 600.0
328.058020833298 74253 34998 7015 1183 600.0 600.0
328.064965277794 73837 34953 6835 1236 600.0 600.0
328.071909722174 74177 35086 6949 1269 600.0 600.0
328.078854166670 74519 34799 6952 1253 600.0 600.0
328.085798611166 74392 34864 6888 1252 600.0 600.0
328.092743055546 74845 35323 7157 1202 600.0 600.0
328.099687500042 73769 34903 6996 1250 600.0 600.0
328.106631944422 73817 35180 7012 1277 600.0 600.0
328.113576388918 73832 33797 6884 1153 600.0 600.0
328.120520833298 74219 33856 6965 1159 600.0 600.0
328.127465277794 48915 22375 4517 766 600.0 395.0
328.134409722174 74033 34733 6940 1141 600.0 600.0
328.141354166670 73842 34794 6934 1238 600.0 600.0
328.148298611166 73553 34962 6913 1196 600.0 600.0
328.155243055546 73943 35015 6973 1210 600.0 600.0
328.162187500042 73671 35135 6919 1249 600.0 600.0
328.169131944422 73281 35130 7165 1203 600.0 600.0
328.176076388918 73751 34710 6953 1224 600.0 600.0
328.183020833298 73878 35068 6945 1185 600.0 600.0
328.189965277794 73906 35100 7029 1161 600.0 600.0
328.196909722174 73392 34871 6935 1221 600.0 600.0
328.203854166670 74311 35382 7033 1243 600.0 600.0
328.210798611166 74404 35168 7136 1144 600.0 600.0
328.217743055546 74752 34708 7025 1153 600.0 600.0
328.224687500042 74535 34627 6823 1157 600.0 600.0
328.231631944422 74238 34846 7034 1132 600.0 600.0
328.238576388918 74686 34718 6967 1195 600.0 600.0
328.245520833298 74559 35043 7049 1195 600.0 600.0
328.252465277794 49184 23042 4542 814 600.0 396.0
328.259409722174 74859 34778 6966 1143 600.0 600.0
328.266354166670 74616 34336 7063 1203 600.0 600.0
328.273298611166 75047 34377 6929 1119 600.0 600.0
328.280243055546 74918 34175 6888 1207 600.0 600.0
328.287187500042 74657 34335 6949 1177 600.0 600.0
328.294131944422 74662 33970 6859 1168 600.0 600.0
328.301076388918 75194 34517 6978 1161 600.0 600.0
328.308020833298 74936 34819 6952 1175 600.0 600.0
328.314965277794 74534 34667 7031 1172 600.0 600.0
328.321909722174 74268 35130 7097 1240 600.0 600.0
328.328854166670 74624 35465 6981 1251 600.0 600.0
328.335798611166 73714 35526 7029 1217 600.0 600.0
328.342743055546 73598 35970 7097 1262 600.0 600.0
328.349687500042 73460 36397 7082 1199 600.0 600.0
328.356631944422 73622 35996 7249 1257 600.0 600.0
328.363576388918 74062 36403 7138 1241 600.0 600.0
328.370520833298 73678 35842 7213 1268 600.0 600.0
328.377465277794 48186 23801 4709 756 600.0 396.0
328.384409722174 73244 35866 7098 1145 600.0 600.0
328.391354166670 73845 35921 7151 1219 600.0 600.0
328.398298611166 74176 35862 7096 1192 600.0 600.0
328.405243055546 74126 35308 7097 1181 600.0 600.0
328.412187500042 73794 35052 6953 1118 600.0 600.0
328.419131944422 73912 34732 6881 1148 600.0 600.0
328.426076388918 74832 34772 7109 1144 600.0 600.0
328.433020833298 74565 34567 7015 1214 600.0 600.0
328.439965277794 74966 34416 6999 1179 600.0 600.0
328.446909722174 74362 34014 6900 1068 600.0 600.0
328.453854166670 74567 34611 7080 1175 600.0 600.0
328.460798611166 74417 34407 6812 1168 600.0 600.0
328.467743055546 74735 34116 6952 1115 600.0 600.0
328.474687500042 75041 34430 6963 1161 600.0 600.0
328.481631944422 75279 34069 6763 1130 600.0 600.0
328.488576388918 75794 34102 6923 1202 600.0 600.0
328.495520833298 74990 34148 6886 1182 600.0 600.0
328.502465277794 49563 22458 4536 718 600.0 393.0
328.509409722174 74210 35026 7069 1204 600.0 600.0
328.516354166670 74228 35348 7036 1124 600.0 600.0
328.523298611166 74050 35277 7019 1171 600.0 600.0
328.530243055546 73951 35898 7160 1186 600.0 600.0
328.537187500042 73756 35574 7020 1264 600.0 600.0
328.544131944422 73700 35657 7100 1265 600.0 600.0
328.551076388918 73716 36082 7022 1277 600.0 600.0
328.558020833298 73693 36388 7165 1250 600.0 600.0
328.564965277794 73481 36206 7150 1244 600.0 600.0
328.571909722174 73901 35970 7088 1271 600.0 600.0
328.578854166670 73836 35797 7010 1247 600.0 600.0
328.585798611166 73797 35945 7144 1251 600.0 600.0
328.592743055546 73809 35817 7190 1205 600.0 600.0
328.599687500042 74207 35806 7241 1229 600.0 600.0
328.606631944422 74043 35558 7128 1247 600.0 600.0
328.613576388918 74385 35110 7032 1230 600.0 600.0
328.620520833298 74517 35250 7192 1247 600.0 600.0
328.627465277794 48750 22789 4673 763 600.0 393.0
328.634409722174 74504 34528 6943 1147 600.0 600.0
328.641354166670 74626 34963 7140 1104 600.0 600.0
328.648298611166 75068 35166 7031 1189 600.0 600.0
328.655243055546 74902 34919 7077 1213 600.0 600.0
328.662187500042 74389 34331 6926 1160 600.0 600.0
328.669131944422 74818 34514 7011 1154 600.0 600.0
328.676076388918 75291 34623 6875 1151 600.0 600.0
328.683020833298 75234 34714 6942 1088 600.0 600.0
328.689965277794 75026 34403 7005 1188 600.0 600.0
328.696909722174 74322 34574 7112 1246 600.0 600.0
328.703854166670 75099 34711 6952 1197 600.0 600.0
328.710798611166 74992 34862 7048 1207 600.0 600.0
328.717743055546 74390 36444 7349 1244 600.0 600.0
328.724687500042 74090 36530 7035 1328 600.0 600.0
328.731631944422 73431 36479 7016 1257 600.0 600.0
328.738576388918 73962 36908 7388 1281 600.0 600.0
328.745520833298 73288 36507 7200 1334 600.0 600.0
328.752465277794 47555 23799 4594 857 600.0 393.0
328.759409722174 73490 35821 7130 1301 600.0 600.0
328.766354166670 73392 36343 7093 1300 600.0 600.0
328.773298611166 74138 36555 7265 1277 600.0 600.0
328.780243055546 74194 36147 7134 1283 600.0 600.0
328.787187500042 74214 36181 7161 1233 600.0 600.0
328.794131944422 74496 36237 7252 1278 600.0 600.0
328.801076388918 73865 35605 7133 1209 600.0 600.0
328.808020833298 74029 35198 7022 1195 600.0 600.0
328.814965277794 74998 35084 6969 1200 600.0 600.0
328.821909722174 74647 34951 7072 1288 600.0 600.0
328.828854166670 74675 35240 6939 1191 600.0 600.0
328.835798611166 74316 34836 7057 1251 600.0 600.0
328.842743055546 75359 34752 7152 1182 600.0 600.0
328.849687500042 74609 34389 6947 1150 600.0 600.0
328.856631944422 75121 34445 6811 1175 600.0 600.0
328.863576388918 74919 34551 6877 1201 600.0 600.0
328.870520833298 74252 35311 7133 1241 600.0 600.0
328.877465277794 49006 23724 4619 821 600.0 394.0
328.884409722174 73531 36175 7096 1251 600.0 600.0
328.891354166670 73707 36584 7229 1266 600.0 600.0
328.898298611166 73296 36201 7207 1279 600.0 600.0
328.905243055546 73950 36342 7157 1290 600.0 600.0
328.912187500042 73714 36157 7200 1279 600.0 600.0
328.919131944422 73796 36013 7100 1206 600.0 600.0
328.926076388918 74003 35813 7058 1189 600.0 600.0
328.933020833298 73649 35661 7108 1233 600.0 600.0
328.939965277794 73822 35687 7036 1176 600.0 600.0
328.946909722174 74879 35006 6932 1189 600.0 600.0
328.953854166670 74259 35177 7119 1209 600.0 600.0
328.960798611166 74663 35309 7084 1155 600.0 600.0
328.967743055546 74364 34934 7046 1191 600.0 600.0
328.974687500042 74858 34306 7084 1186 600.0 600.0
328.981631944422 75349 34564 6987 1199 600.0 600.0
328.988576388918 74464 34075 6954 1050 600.0 600.0
328.995520833298 75455 34587 7007 1122 600.0 600.0
