339.009293981479 77756 38304 7403 1514 600.0 600.0
339.016238425975 77813 38147 7507 1532 600.0 600.0
339.023182870355 77833 38421 7313 1592 600.0 600.0
339.030127314851 77794 38299 7539 1539 600.0 600.0
339.037071759230 77151 38250 7383 1519 600.0 600.0
339.044016203727 77480 38453 7508 1576 600.0 600.0
339.050960648106 77764 38728 7522 1553 600.0 600.0
339.057905092603 77526 37966 7498 1544 600.0 600.0
339.064849536982 78015 38396 7529 1490 600.0 600.0
339.071793981479 77657 38614 7410 1598 600.0 600.0
339.078738425975 78136 38114 7401 1446 600.0 600.0
339.085682870355 78297 38151 7412 1523 600.0 600.0
339.092627314851 77590 38340 7554 1545 600.0 600.0
339.099571759230 77815 38655 7464 1484 600.0 600.0
339.106516203727 77866 38664 7369 1450 600.0 600.0
339.113460648106 77359 38360 7512 1587 600.0 600.0
339.120405092603 78207 38262 7453 1526 600.0 600.0
339.127361111110 52004 25360 4844 1040 601.0 398.0
339.134305555606 77627 38213 7483 1567 600.0 600.0
339.141249999986 78089 38388 7561 1593 600.0 600.0
339.148194444482 78609 38728 7575 1605 600.0 600.0
339.155138888862 77803 38696 7799 1526 600.0 600.0
339.162083333358 78047 38698 7520 1559 600.0 600.0
339.169027777738 77958 38532 7357 1511 600.0 600.0
339.175972222234 77925 38533 7464 1600 600.0 600.0
339.182916666614 78066 38667 7387 1562 600.0 600.0
339.189861111110 77917 38518 7526 1620 600.0 600.0
339.196805555606 77402 38512 7421 1527 600.0 600.0
339.203749999986 77646 38235 7514 1486 600.0 600.0
339.210694444482 78557 38643 7546 1589 600.0 600.0
339.217638888862 78372 38608 7465 1644 600.0 600.0
339.224583333358 77725 38757 7464 1566 600.0 600.0
339.231527777738 77879 38651 7463 1582 600.0 600.0
339.238472222234 78273 38517 7572 1549 600.0 600.0
339.245416666614 77891 38408 7444 1560 600.0 600.0
339.255949074053 52080 25707 4955 1032 910.0 397.0
339.262893518549 78025 38406 7428 1643 600.0 600.0
339.269837962929 78884 37914 7238 1670 600.0 600.0
339.276782407425 78331 38666 7507 1522 600.0 600.0
339.283726851805 77728 38414 7437 1540 600.0 600.0
339.290671296301 77877 38693 7435 1531 600.0 600.0
339.297615740797 78389 38941 7432 1557 600.0 600.0
339.304560185177 77726 38419 7448 1532 600.0 600.0
339.311504629673 77732 38545 7311 1624 600.0 600.0
339.318449074053 78015 38757 7357 1596 600.0 600.0
339.325393518549 77454 38586 7487 1503 600.0 600.0
339.332337962929 78138 38670 7567 1533 600.0 600.0
339.339282407425 77800 38361 7621 1574 600.0 600.0
339.346226851805 77816 38115 7352 1616 600.0 600.0
339.353171296301 78359 38124 7449 1542 600.0 600.0
339.360115740797 78971 38178 7402 1477 600.0 600.0
339.367060185177 79446 38662 7563 1579 600.0 600.0
339.374004629673 78701 37966 7406 1502 600.0 600.0
339.388067129650 51691 25411 4926 1050 1215.0 393.0
339.395011574030 78064 38661 7440 1563 600.0 600.0
339.401956018526 77766 38286 7469 1558 600.0 600.0
339.408900462906 59534 29215 5722 1131 600.0 457.0
339.415833333391 78528 38410 7415 1522 599.0 600.0
339.422777777771 78609 38016 7399 1517 600.0 600.0
339.429722222267 79225 37858 7360 1496 600.0 600.0
339.436666666646 79173 37917 7483 1519 600.0 600.0
339.443611111143 79262 38050 7416 1486 600.0 600.0
339.450555555522 78965 38167 7345 1459 600.0 600.0
339.457500000019 78961 38688 7586 1495 600.0 600.0
339.464444444398 78887 38703 7708 1501 600.0 600.0
339.471388888895 78401 38428 7539 1499 600.0 600.0
340.420625000028 41287 20197 4040 781 82014.0 316.0
340.427569444408 79599 38719 7784 1365 600.0 600.0
340.434513888904 79728 38616 7564 1296 600.0 600.0
340.441458333284 79364 38572 7812 1356 600.0 600.0
340.448402777780 79950 39009 7685 1380 600.0 600.0
340.455347222276 79362 38239 7656 1329 600.0 600.0
340.462291666656 80109 38676 7725 1364 600.0 600.0
340.469236111152 80086 38594 7660 1317 600.0 600.0
340.497569444473 71733 34820 7083 1297 2448.0 540.0
340.504513888853 79760 39138 7912 1414 600.0 600.0
340.520069444436 11268 5549 1107 173 1344.0 86.0
340.527013888932 36109 18690 3435 1010 600.0 351.0
340.533958333312 79022 38648 7636 1421 600.0 600.0
340.540902777808 79745 38178 7649 1361 600.0 601.0
340.547847222188 80045 38825 7815 1375 600.0 600.0
340.554791666684 79504 38426 7627 1321 600.0 600.0
340.561736111064 80465 38343 7741 1397 600.0 600.0
340.568680555560 80817 38606 7736 1304 600.0 600.0
340.575625000056 80018 38136 7674 1357 600.0 600.0
340.582569444436 80071 38037 7581 1291 600.0 600.0
340.589513888932 80111 38186 7659 1338 600.0 600.0
340.596458333312 80146 38398 7684 1291 600.0 600.0
340.603402777808 80613 38306 7528 1392 600.0 600.0
340.610347222188 79882 38378 7706 1383 600.0 600.0
340.617291666684 79891 38298 7604 1343 600.0 600.0
340.624236111064 80283 38274 7904 1305 600.0 600.0
340.631180555560 79868 37959 7659 1344 600.0 600.0
340.638125000056 79660 38008 7709 1284 600.0 600.0
340.657280092593 71082 34022 6828 1173 1655.0 533.0
340.664224537089 59936 29945 5598 1484 600.0 521.0
340.671168981469 80131 38685 7657 1344 600.0 600.0
340.678113425965 79820 38379 7685 1308 600.0 600.0
340.685057870345 79969 38294 7665 1232 600.0 600.0
340.692002314841 80239 38572 7663 1317 600.0 600.0
340.698946759221 79763 38345 7711 1320 600.0 600.0
340.705891203717 80415 38549 7810 1321 600.0 600.0
340.712835648097 79255 37705 7689 1275 600.0 600.0
340.719780092593 80845 37907 7744 1368 600.0 600.0
340.726724537089 80959 38152 7756 1297 600.0 600.0
340.733668981469 80490 37912 7722 1359 600.0 600.0
340.740613425965 80254 38141 7693 1348 600.0 600.0
340.747557870345 80805 38180 7654 1330 600.0 600.0
340.754502314841 80580 37885 7592 1307 600.0 600.0
340.761446759221 80380 37694 7641 1279 600.0 600.0
340.772060185205 26087 12463 2510 424 917.0 195.0
340.779004629585 60046 30299 5687 1397 600.0 526.0
340.785949074081 79345 38590 7762 1346 600.0 600.0
340.792893518461 79779 38768 7756 1293 600.0 601.0
340.799826388946 79685 38578 7727 1337 599.0 599.0
340.806770833326 79669 38668 7767 1270 600.0 600.0
340.813715277822 80371 38471 7476 1359 600.0 600.0
340.820659722202 80142 38690 7613 1301 600.0 600.0
340.827604166698 80179 38559 7700 1348 600.0 600.0
340.834548611077 79492 38091 7867 1329 600.0 600.0
340.841493055574 79855 37844 7515 1360 600.0 600.0
340.848437499953 80491 38151 7713 1356 600.0 600.0
340.855381944450 80087 38282 7702 1308 600.0 600.0
340.862326388946 80054 38372 7692 1311 600.0 600.0
340.869270833326 79560 38136 7612 1254 600.0 600.0
340.876215277822 79590 38232 7579 1266 600.0 600.0
340.883159722202 80388 38319 7650 1249 600.0 600.0
340.890104166698 80345 38057 7660 1311 600.0 600.0
340.897048611077 79963 38008 7616 1293 600.0 600.0
340.903993055574 80714 38554 7797 1270 600.0 600.0
340.910937499953 80127 38087 7760 1368 600.0 600.0
340.917881944450 80222 37861 7689 1350 600.0 600.0
340.924826388946 80521 38171 7573 1272 600.0 600.0
340.931770833326 80265 37834 7599 1346 600.0 600.0
340.938715277822 80299 38133 7679 1358 600.0 600.0
340.945659722202 80449 38203 7717 1386 600.0 600.0
340.991481481469 74206 35145 7049 1202 3959.0 555.0
340.998425925965 67299 33926 6447 1603 600.0 588.0
341.005370370345 78993 38397 7650 1315 600.0 600.0
341.012314814841 79386 38499 7800 1281 600.0 600.0
341.019259259221 79864 38539 7675 1362 600.0 600.0
341.026203703717 79259 38514 7575 1257 600.0 600.0
341.033148148097 79413 38745 7712 1287 600.0 600.0
341.040092592593 79861 38445 7633 1312 600.0 600.0
341.047037037089 79680 38198 7589 1338 600.0 600.0
341.053981481469 79545 37879 7642 1329 600.0 600.0
341.060925925965 80345 38059 7652 1257 600.0 600.0
341.067870370345 79678 38227 7701 1266 600.0 600.0
341.074814814841 80084 38542 7765 1324 600.0 600.0
341.081759259221 79889 38482 7679 1246 600.0 600.0
341.088703703717 79901 38374 7693 1379 600.0 600.0
341.095648148097 79845 38544 7643 1282 600.0 600.0
341.102592592593 79664 38416 7773 1328 600.0 600.0
341.109537037089 79575 38294 7630 1330 600.0 600.0
341.116481481469 79853 38145 7754 1336 600.0 600.0
341.123425925965 79730 37894 7572 1292 600.0 600.0
341.130370370345 79829 38126 7828 1262 600.0 600.0
341.137314814841 80438 38352 7605 1284 600.0 600.0
341.144259259221 80275 38388 7836 1333 600.0 600.0
341.151203703717 79147 38049 7603 1330 600.0 600.0
341.158148148097 78958 38151 7688 1322 600.0 600.0
341.165092592593 79635 38610 7692 1288 600.0 600.0
341.172037037089 79407 38702 7756 1288 600.0 600.0
341.178981481469 79710 38566 7754 1300 600.0 600.0
341.185925925965 79463 38468 7754 1295 600.0 600.0
341.192870370345 79172 38126 7620 1206 600.0 600.0
341.199814814841 79282 38370 7796 1275 600.0 600.0
341.206759259221 79465 38143 7750 1323 600.0 600.0
341.213703703717 79423 38485 7719 1293 600.0 600.0
341.220648148097 79662 38617 7761 1302 600.0 600.0
341.227592592593 80092 38654 7750 1340 600.0 600.0
341.234537037089 79293 38338 7615 1228 600.0 600.0
341.241481481469 79707 38706 7875 1278 600.0 600.0
341.248425925965 79789 38143 7676 1228 600.0 600.0
341.255370370345 80045 38160 7588 1310 600.0 600.0
341.262314814841 79870 38532 7647 1304 600.0 600.0
341.269259259221 79506 38724 7596 1241 600.0 600.0
341.276203703717 79151 38086 7798 1284 600.0 600.0
341.283148148097 79425 38556 7696 1242 600.0 600.0
341.290092592593 79647 38063 7666 1293 600.0 600.0
341.297037037089 79701 37968 7581 1246 600.0 600.0
341.303981481469 80186 38609 7643 1326 600.0 600.0
341.310925925965 79896 38252 7724 1298 600.0 600.0
341.317870370345 79707 38653 7796 1266 600.0 600.0
341.324814814841 79628 38688 7690 1320 600.0 600.0
341.331759259221 80321 38752 7787 1331 600.0 600.0
341.338703703717 80354 38816 7823 1280 600.0 600.0
341.345648148097 79716 38626 7954 1344 600.0 600.0
341.352592592593 79866 38396 7740 1213 600.0 600.0
341.359537037089 79819 38697 7830 1235 600.0 600.0
341.366481481469 80112 38477 7886 1239 600.0 600.0
341.373425925965 80068 38318 7772 1195 600.0 600.0
341.380370370345 80055 38479 7741 1231 600.0 600.0
341.387314814841 80167 38813 7810 1271 600.0 600.0
341.394259259221 80265 38375 7744 1274 600.0 600.0
341.401203703717 80451 38559 7778 1277 600.0 600.0
341.408148148097 80028 38591 7617 1320 600.0 600.0
341.415092592593 80499 39215 7828 1232 600.0 600.0
341.422037037089 80550 39073 7983 1276 600.0 600.0
341.428981481469 80369 38542 7757 1238 600.0 600.0
341.435925925965 79846 38708 7887 1254 600.0 600.0
341.442870370345 79912 38820 7937 1246 600.0 600.0
341.449814814841 79962 38765 8019 1307 600.0 600.0
341.456759259221 80268 39228 7817 1201 600.0 600.0
341.463703703717 80164 39255 7915 1260 600.0 600.0
341.470648148097 80128 39427 7780 1294 600.0 600.0
341.477592592593 79876 39329 7900 1278 600.0 600.0
341.484537037089 80018 39185 7801 1276 600.0 600.0
341.491481481469 80334 39395 8044 1336 600.0 600.0
341.498425925965 79989 38989 7957 1306 600.0 600.0
341.505370370345 80009 39332 7880 1332 600.0 600.0
341.512314814841 79918 39159 7907 1333 600.0 600.0
341.519259259221 80371 39503 8063 1308 600.0 600.0
341.526203703717 80037 39272 7873 1223 600.0 600.0
341.533148148097 80306 39686 7981 1269 600.0 600.0
341.540092592593 80297 39447 7957 1274 600.0 600.0
341.547037037089 80428 39429 7821 1235 600.0 600.0
341.553981481469 80308 38911 7859 1303 600.0 600.0
341.560925925965 80404 39254 8090 1333 600.0 600.0
341.567870370345 80014 39325 7860 1284 600.0 600.0
341.574814814841 80388 39930 8058 1294 600.0 600.0
341.581759259221 80040 39630 7823 1359 600.0 600.0
341.588703703717 79535 39770 7925 1344 600.0 600.0
341.595648148097 79666 40182 7949 1283 600.0 600.0
341.602592592593 80167 40037 8196 1213 600.0 600.0
341.609537037089 80211 40131 7835 1292 600.0 600.0
341.616481481469 79577 39711 8125 1319 600.0 600.0
341.623425925965 79737 39956 8034 1301 600.0 600.0
341.630370370345 79526 39868 7965 1326 600.0 600.0
341.637314814841 80319 40161 7887 1374 600.0 600.0
341.644259259221 79745 39859 7919 1328 600.0 600.0
341.651203703717 79533 39978 8025 1346 600.0 600.0
341.658148148097 79918 40073 8012 1363 600.0 600.0
341.665092592593 80109 40157 8029 1297 600.0 600.0
341.672037037089 79835 39690 8065 1342 600.0 600.0
341.678981481469 80150 39958 8014 1390 600.0 600.0
341.685925925965 80003 39802 7879 1334 600.0 600.0
341.692870370345 79786 39656 7785 1387 600.0 600.0
341.699814814841 80300 39892 7814 1376 600.0 600.0
341.706759259221 79819 39629 7823 1321 600.0 600.0
341.713703703717 80410 40009 7889 1341 600.0 600.0
341.720648148097 80092 40182 7819 1417 600.0 600.0
341.727592592593 79391 39975 7920 1395 600.0 600.0
341.734537037089 79767 40282 8016 1407 600.0 600.0
341.741481481469 79568 40250 8008 1351 600.0 600.0
341.748425925965 80138 40128 8089 1347 600.0 600.0
341.755370370345 80539 40450 8124 1369 600.0 600.0
341.762314814841 79838 40153 7973 1314 600.0 600.0
341.769259259221 79619 40206 7979 1371 600.0 600.0
341.776203703717 79522 39932 7940 1407 600.0 600.0
341.783148148097 79656 39846 7721 1407 600.0 600.0
341.790092592593 80193 39912 8006 1348 600.0 600.0
341.797037037089 80222 39972 7854 1343 600.0 600.0
341.803981481469 80162 39845 8002 1382 600.0 600.0
341.810925925965 79827 40362 7912 1405 600.0 600.0
341.817870370345 79547 39922 7869 1406 600.0 600.0
341.824814814841 79933 39918 7896 1399 600.0 600.0
341.831759259221 80157 40637 7914 1378 600.0 600.0
341.838703703717 79793 40362 8018 1382 600.0 600.0
341.845648148097 79024 40170 8063 1400 600.0 600.0
341.852592592593 79159 40255 8034 1352 600.0 600.0
341.859537037089 79147 40041 7788 1348 600.0 600.0
341.866481481469 79432 40285 7935 1350 600.0 600.0
341.873425925965 79847 40008 7886 1356 600.0 600.0
341.880370370345 79824 40332 7959 1440 600.0 600.0
341.887314814841 79748 40655 8019 1503 600.0 600.0
341.894259259221 79479 40562 8017 1345 600.0 600.0
341.901203703717 79388 40482 7967 1368 600.0 600.0
341.908148148097 79416 40114 7921 1363 600.0 600.0
341.915092592593 79460 40087 8065 1384 600.0 600.0
341.922037037089 79624 40671 8004 1416 600.0 600.0
341.928981481469 79429 40701 8011 1380 600.0 600.0
341.935925925965 78839 40329 7959 1423 600.0 600.0
341.942870370345 78914 40516 7918 1389 600.0 600.0
341.949814814841 79244 40476 8091 1480 600.0 600.0
341.956759259221 79619 40567 8011 1466 600.0 600.0
341.963703703717 79812 40877 8000 1508 600.0 600.0
341.970648148097 79698 40624 7851 1459 600.0 600.0
341.977592592593 79428 40210 8042 1518 600.0 600.0
341.984537037089 79228 40320 7884 1427 600.0 600.0
341.991481481469 79864 40558 7952 1460 600.0 600.0
341.998425925965 79655 40285 7864 1467 600.0 600.0
342.005370370345 79278 40156 7853 1500 600.0 600.0
342.012314814841 80061 40511 7940 1478 600.0 600.0
342.019259259221 79854 40043 7801 1475 600.0 600.0
342.026203703717 79967 40255 8024 1471 600.0 600.0
342.033148148097 79717 40656 7915 1466 600.0 600.0
342.040092592593 79062 40111 7885 1579 600.0 600.0
342.047037037089 80431 40338 7952 1478 600.0 600.0
342.053981481469 79571 39792 8013 1509 600.0 600.0
342.060925925965 80996 40388 8116 1486 600.0 600.0
342.067870370345 80472 40226 8004 1448 600.0 600.0
342.074814814841 80620 40455 8092 1353 600.0 600.0
342.081759259221 79640 39823 7928 1443 600.0 600.0
342.088703703717 80292 40212 7963 1431 600.0 600.0
342.095648148097 80203 40400 7872 1495 600.0 600.0
342.102592592593 79713 40340 8008 1407 600.0 600.0
342.109537037089 79701 40715 7997 1379 600.0 600.0
342.116481481469 80010 40534 7973 1477 600.0 600.0
342.123425925965 79732 40508 7902 1430 600.0 600.0
342.130370370345 79014 40385 7890 1431 600.0 600.0
342.137314814841 79624 40407 7872 1521 600.0 600.0
342.144259259221 79864 40071 8021 1433 600.0 600.0
342.151203703717 79997 40158 8064 1423 600.0 600.0
342.158148148097 79911 40081 7856 1382 600.0 600.0
342.165092592593 79604 40343 7952 1332 600.0 600.0
342.172037037089 79981 40282 8080 1387 600.0 600.0
342.178981481469 79555 39920 7923 1422 600.0 600.0
342.185925925965 79857 40154 7977 1368 600.0 600.0
342.192870370345 80284 40328 8026 1428 600.0 600.0
342.199814814841 80430 40466 8020 1448 600.0 600.0
342.206759259221 79868 40245 7905 1396 600.0 600.0
342.213703703717 80126 40468 7962 1386 600.0 600.0
342.220648148097 79971 40200 8065 1353 600.0 600.0
342.227592592593 79660 40222 7964 1359 600.0 600.0
342.234537037089 79875 40468 8207 1320 600.0 600.0
342.241481481469 79856 40265 7845 1336 600.0 600.0
342.248425925965 79680 40232 7964 1314 600.0 600.0
342.255370370345 80074 40555 8165 1356 600.0 600.0
342.262314814841 80287 40491 8133 1324 600.0 600.0
342.269259259221 80410 41107 8169 1424 600.0 600.0
342.276203703717 80207 41022 8107 1423 600.0 600.0
342.283148148097 80450 41092 8092 1428 600.0 600.0
342.290092592593 79787 41078 8262 1437 600.0 600.0
342.297037037089 80180 40738 7952 1485 600.0 600.0
342.303981481469 80077 40354 7922 1388 600.0 600.0
342.310925925965 79880 40702 8018 1387 600.0 600.0
342.317870370345 79884 40786 8025 1366 600.0 600.0
342.324814814841 79480 40792 8184 1256 600.0 600.0
342.331759259221 80040 40094 8075 1241 600.0 600.0
342.338703703717 79779 40339 8020 1359 600.0 600.0
342.345648148097 80113 40564 8076 1302 600.0 600.0
342.352592592593 80640 40763 8209 1321 600.0 600.0
342.359537037089 80130 40521 8049 1325 600.0 600.0
342.366481481469 80136 40814 8166 1326 600.0 600.0
342.373425925965 79669 40192 8034 1298 600.0 600.0
342.380370370345 80243 40668 7925 1374 600.0 600.0
342.387314814841 79749 40457 7928 1385 600.0 600.0
342.394259259221 79529 40814 8228 1295 600.0 600.0
342.401203703717 79501 40723 8052 1287 600.0 600.0
342.408148148097 80279 40768 8050 1304 600.0 600.0
342.415092592593 80316 40692 8237 1296 600.0 600.0
342.422037037089 80045 40796 8010 1372 600.0 600.0
342.428981481469 79649 40538 8082 1346 600.0 600.0
342.435925925965 79675 40471 8129 1304 600.0 600.0
342.442870370345 80111 40577 8220 1353 600.0 600.0
342.449814814841 80070 40848 8183 1385 600.0 600.0
342.456759259221 79389 41110 8211 1396 600.0 600.0
342.463703703717 79653 40874 7900 1401 600.0 600.0
342.470648148097 79684 40807 7918 1465 600.0 600.0
342.477592592593 79586 40722 8004 1374 600.0 600.0
342.484537037089 80569 40858 8150 1428 600.0 600.0
342.491481481469 80142 40324 8044 1432 600.0 600.0
342.498425925965 80777 40687 8201 1341 600.0 600.0
342.505370370345 80534 40855 8070 1367 600.0 600.0
342.512314814841 80484 40921 8038 1471 600.0 600.0
342.519259259221 80675 40812 8025 1374 600.0 600.0
342.526203703717 80682 41177 8251 1407 600.0 600.0
342.533148148097 80336 40849 7938 1452 600.0 600.0
342.540092592593 80059 40548 7907 1461 600.0 600.0
342.547037037089 79576 41142 8094 1482 600.0 600.0
342.553981481469 79716 41020 7989 1441 600.0 600.0
342.560925925965 79567 41103 8110 1520 600.0 600.0
342.567870370345 80309 41132 8204 1425 600.0 600.0
342.574814814841 80827 40753 7998 1463 600.0 600.0
342.581759259221 80392 40949 7972 1443 600.0 600.0
342.588703703717 80060 41103 8189 1519 600.0 600.0
342.595648148097 80135 41271 8080 1532 600.0 600.0
342.602592592593 79285 41163 8037 1450 600.0 600.0
342.609537037089 79659 41425 8011 1470 600.0 600.0
342.616481481469 79530 41248 8193 1465 600.0 600.0
342.623425925965 79568 41340 8048 1432 600.0 600.0
342.630370370345 79283 41339 7989 1412 600.0 600.0
342.637314814841 79559 41216 8080 1385 600.0 600.0
342.644259259221 79500 41181 8192 1456 600.0 600.0
342.651203703717 79526 41374 8163 1445 600.0 600.0
342.658148148097 79645 41515 8013 1469 600.0 600.0
342.665092592593 79404 41367 8099 1429 600.0 600.0
342.672037037089 79489 41267 8021 1461 600.0 600.0
342.678981481469 79449 40928 8031 1493 600.0 600.0
342.685925925965 79837 41250 8020 1454 600.0 600.0
342.692870370345 79612 40974 7992 1376 600.0 600.0
342.699814814841 79716 41353 8178 1505 600.0 600.0
342.706759259221 79278 40790 7888 1423 600.0 600.0
342.713703703717 79315 41111 8057 1458 600.0 600.0
342.720648148097 79752 41363 8018 1459 600.0 600.0
342.727592592593 79073 41049 8022 1407 600.0 600.0
342.734537037089 79629 41008 8004 1481 600.0 600.0
342.741481481469 79570 40796 8020 1507 600.0 600.0
342.748425925965 79784 40548 7945 1447 600.0 600.0
342.755370370345 78939 40302 7892 1607 600.0 600.0
342.762314814841 79710 40977 8024 1623 600.0 600.0
342.769259259221 79597 41111 8055 1530 600.0 600.0
342.776203703717 79656 41136 8014 1536 600.0 600.0
342.783148148097 79775 41022 8045 1539 600.0 600.0
342.790092592593 79739 40542 7944 1677 600.0 600.0
342.797037037089 80231 41134 8077 1563 600.0 600.0
342.803981481469 80110 41077 7934 1580 600.0 600.0
342.810925925965 80389 40659 7888 1598 600.0 600.0
342.817870370345 80442 40844 8083 1595 600.0 600.0
342.824814814841 80572 40874 7982 1467 600.0 600.0
342.831759259221 80259 40621 8014 1537 600.0 600.0
342.838703703717 80643 40682 8057 1561 600.0 600.0
342.845648148097 80080 40802 8097 1462 600.0 600.0
342.852592592593 79827 40931 7955 1501 600.0 600.0
342.859537037089 79396 41221 7943 1536 600.0 600.0
342.866481481469 79211 41377 7932 1592 600.0 600.0
342.873425925965 79479 41299 7923 1550 600.0 600.0
342.880370370345 79956 41044 8048 1634 600.0 600.0
342.887314814841 79804 40794 7767 1688 600.0 600.0
342.894259259221 79247 40397 7874 1608 600.0 600.0
342.901203703717 79980 41103 7859 1603 600.0 600.0
342.908148148097 79323 40689 7815 1697 600.0 600.0
342.915092592593 78913 41127 7914 1684 600.0 600.0
342.922037037089 79625 40807 8043 1582 600.0 600.0
342.928981481469 79844 40380 7815 1709 600.0 600.0
342.935925925965 80024 40776 7901 1663 600.0 600.0
342.942870370345 80054 40704 7878 1699 600.0 600.0
342.949814814841 80017 40537 7904 1561 600.0 600.0
342.956759259221 80423 41179 7981 1553 600.0 600.0
342.963703703717 79384 40408 7907 1598 600.0 600.0
342.970648148097 80288 41064 8022 1588 600.0 600.0
342.977592592593 79563 40698 7833 1558 600.0 600.0
342.984537037089 79589 40665 7837 1662 600.0 600.0
342.991481481469 79117 40505 7748 1605 600.0 600.0
342.998425925965 79061 40845 7930 1569 600.0 600.0
343.005370370345 79189 40774 8101 1519 600.0 600.0
343.012314814841 79105 40597 7905 1535 600.0 600.0
343.019259259221 79534 41040 8049 1511 600.0 600.0
343.026203703717 80297 40972 7996 1545 600.0 600.0
343.033148148097 79694 40358 7858 1481 600.0 600.0
343.040092592593 79747 41077 7881 1550 600.0 600.0
343.047037037089 79820 40484 8056 1541 600.0 600.0
343.053981481469 79956 40741 8006 1558 600.0 600.0
343.060925925965 79925 40375 7991 1457 600.0 600.0
343.067870370345 80073 40300 7978 1462 600.0 600.0
343.074814814841 80247 40279 7987 1505 600.0 600.0
343.081759259221 79824 40635 7974 1472 600.0 600.0
343.088703703717 79969 40574 7907 1541 600.0 600.0
343.095648148097 80632 40742 8079 1542 600.0 600.0
343.102592592593 80611 40063 7971 1517 600.0 600.0
343.109537037089 80264 40107 7859 1483 600.0 600.0
343.116481481469 80343 40403 7834 1422 600.0 600.0
343.123425925965 80517 40173 7805 1475 600.0 600.0
343.130370370345 80183 40444 8064 1457 600.0 600.0
343.137314814841 79905 40057 7852 1490 600.0 600.0
343.144259259221 80103 39828 7950 1481 600.0 600.0
343.151203703717 80306 39958 7889 1494 600.0 600.0
343.158148148097 80480 40220 7959 1545 600.0 600.0
343.165092592593 80923 40202 7937 1502 600.0 600.0
343.172037037089 80202 40155 7944 1545 600.0 600.0
343.178981481469 80569 40187 8051 1512 600.0 600.0
343.185925925965 80112 40043 7818 1471 600.0 600.0
343.192870370345 80451 40429 7857 1510 600.0 600.0
343.199814814841 80422 40100 7908 1538 600.0 600.0
343.206759259221 80546 39727 7909 1470 600.0 600.0
343.213703703717 80158 40465 7938 1508 600.0 600.0
343.220648148097 80435 40755 8054 1532 600.0 600.0
343.227592592593 79979 40435 7922 1519 600.0 600.0
343.234537037089 80006 40273 7871 1543 600.0 600.0
343.241481481469 79624 40204 7938 1520 600.0 600.0
343.248425925965 80137 40671 7955 1552 600.0 600.0
343.255370370345 80243 40594 8017 1474 600.0 600.0
343.262314814841 80363 40533 7900 1570 600.0 600.0
343.269259259221 79926 40675 8012 1476 600.0 600.0
343.276203703717 80077 40612 8035 1464 600.0 600.0
343.283148148097 79723 40425 8118 1470 600.0 600.0
343.290092592593 79635 41058 8197 1446 600.0 600.0
343.297037037089 79616 40825 7887 1555 600.0 600.0
343.303981481469 79437 40767 7991 1418 600.0 600.0
343.310925925965 78782 41032 8001 1483 600.0 600.0
343.317870370345 79048 40776 7870 1474 600.0 600.0
343.324814814841 79314 40991 7958 1494 600.0 600.0
343.331759259221 79846 41062 7925 1543 600.0 600.0
343.338703703717 79912 40836 8075 1555 600.0 600.0
343.345648148097 79284 40533 7886 1506 600.0 600.0
343.352592592593 79784 40773 7895 1525 600.0 600.0
343.359537037089 79726 40988 7978 1591 600.0 600.0
343.366481481469 79761 41219 8148 1505 600.0 600.0
343.373425925965 79629 41263 7926 1576 600.0 600.0
343.380370370345 80083 41010 7995 1534 600.0 600.0
343.387314814841 80508 41087 8017 1520 600.0 600.0
343.394259259221 79487 41218 7939 1553 600.0 600.0
343.401203703717 79495 40918 8018 1510 600.0 600.0
343.408148148097 79628 40924 7839 1610 600.0 600.0
343.415092592593 80501 41263 8024 1550 600.0 600.0
343.422037037089 80396 41139 8056 1530 600.0 600.0
343.428981481469 79224 40878 7978 1562 600.0 600.0
343.435925925965 79368 41366 7954 1581 600.0 600.0
343.442870370345 79685 41100 7806 1570 600.0 600.0
343.449814814841 79672 41167 7925 1512 600.0 600.0
343.456759259221 79368 41197 7994 1526 600.0 600.0
343.463703703717 79908 41018 7877 1458 600.0 600.0
343.470648148097 80572 41445 8003 1555 600.0 600.0
343.477592592593 79529 41222 8123 1476 600.0 600.0
343.484537037089 79051 40992 8087 1553 600.0 600.0
343.491481481469 79354 41381 8046 1504 600.0 600.0
343.498425925965 79192 41343 7943 1600 600.0 600.0
343.505370370345 79232 40819 7992 1578 600.0 600.0
343.512314814841 80058 41016 8112 1539 600.0 600.0
343.519259259221 79219 41087 7935 1527 600.0 600.0
343.526203703717 79744 41288 8065 1529 600.0 600.0
343.533148148097 80030 41011 7885 1595 600.0 600.0
343.540092592593 79310 41331 8024 1510 600.0 600.0
343.547037037089 79862 41326 7988 1534 600.0 600.0
343.553981481469 79448 41166 7972 1534 600.0 600.0
343.560925925965 80026 41091 8023 1725 600.0 600.0
343.567870370345 79988 41188 7888 1726 600.0 600.0
343.574814814841 79680 41376 7967 1659 600.0 600.0
343.581759259221 79748 41419 7910 1654 600.0 600.0
343.588703703717 43529 22674 4483 890 600.0 326.0
343.595648148097 80423 41210 7839 1711 600.0 600.0
343.602592592593 80216 41090 7898 1634 600.0 600.0
343.609537037089 80831 41393 7999 1597 600.0 600.0
343.616481481469 81007 41175 8078 1745 600.0 600.0
343.623425925965 79937 41390 8079 1604 600.0 600.0
343.630370370345 80697 41692 8161 1654 600.0 600.0
343.637314814841 79806 41028 7980 1601 600.0 600.0
343.644259259221 79755 41298 8109 1569 600.0 600.0
343.651203703717 79569 41366 7947 1680 600.0 600.0
343.658148148097 79706 41498 8045 1646 600.0 600.0
343.665092592593 80222 41186 7980 1688 600.0 600.0
343.672037037089 80260 41381 7840 1663 600.0 600.0
343.678981481469 80085 41425 7977 1660 600.0 600.0
343.685925925965 79838 41343 7857 1731 600.0 600.0
343.692870370345 80345 41511 7931 1672 600.0 600.0
343.699814814841 80059 41046 8130 1789 600.0 600.0
343.706759259221 80319 41069 7967 1761 600.0 600.0
343.713703703717 80220 41194 8014 1650 600.0 600.0
343.720648148097 80512 41460 8150 1672 600.0 600.0
343.727592592593 80237 41168 7935 1766 600.0 600.0
343.734537037089 80119 41637 7901 1697 600.0 600.0
343.741481481469 80187 41615 8047 1712 600.0 600.0
343.748425925965 79969 41458 8025 1623 600.0 600.0
343.755370370345 53428 27549 5376 1094 600.0 397.0
343.772187500028 72115 37321 7237 1576 1453.0 541.0
343.779131944408 59313 31077 5636 1741 600.0 530.0
343.786076388904 61559 32090 6144 1318 600.0 466.0
343.793020833284 79901 41706 7963 1671 600.0 600.0
343.799965277780 79561 41376 7912 1768 600.0 600.0
343.806909722276 79955 41565 7983 1731 600.0 600.0
343.813854166656 79741 41264 7822 1784 600.0 600.0
343.820798611152 79521 41268 7873 1735 600.0 600.0
343.827743055532 80382 41323 7834 1722 600.0 600.0
343.834687500028 80581 41333 8004 1715 600.0 600.0
343.841631944408 80366 41219 7909 1654 600.0 600.0
343.848576388904 80437 41299 7930 1742 600.0 600.0
343.855520833284 80368 41407 8044 1639 600.0 600.0
343.862465277780 79833 41496 7856 1697 600.0 600.0
343.869409722276 79845 41575 8188 1619 600.0 600.0
343.877361111110 63885 33245 6401 1376 687.0 484.0
343.884305555606 79029 41135 7799 1647 600.0 600.0
343.891249999986 79890 41448 8013 1740 600.0 600.0
343.898194444482 79599 41565 7930 1674 600.0 600.0
343.905138888862 78814 41376 7833 1733 600.0 600.0
343.912083333358 79162 41725 8091 1684 600.0 600.0
343.919027777738 79042 41829 8070 1616 600.0 600.0
343.925972222234 79154 41905 7975 1760 600.0 600.0
343.932916666614 79177 41282 7657 1789 600.0 600.0
343.939861111110 79070 40999 7793 1784 600.0 600.0
343.946805555606 79433 41763 7892 1785 600.0 600.0
343.953749999986 79314 41859 8079 1689 600.0 600.0
343.960694444482 79552 42179 8091 1702 600.0 600.0
343.967638888862 79136 41653 7950 1647 600.0 600.0
343.974583333358 79272 41946 8152 1646 600.0 600.0
343.981527777738 79407 41685 7977 1685 600.0 600.0
343.988472222234 79924 41666 7928 1714 600.0 600.0
343.995416666614 79678 41948 8075 1690 600.0 600.0
344.002395833377 52616 27672 5285 1098 603.0 398.0
344.009340277757 80241 41540 8094 1652 600.0 600.0
344.016284722253 80417 41917 8036 1601 600.0 600.0
344.023229166633 80175 41312 8099 1663 600.0 600.0
344.030173611129 79839 41896 8133 1639 600.0 600.0
344.037118055508 79840 41596 8057 1589 600.0 600.0
344.044062500005 79806 41514 7983 1708 600.0 600.0
344.051006944501 79997 41790 8069 1676 600.0 600.0
344.057951388881 79793 41816 8059 1627 600.0 600.0
344.064895833377 79836 41717 8023 1657 600.0 600.0
344.071840277757 80033 41655 7982 1661 600.0 600.0
344.078784722253 80178 41618 7989 1709 600.0 600.0
344.085729166633 80340 41824 8090 1696 600.0 600.0
344.092673611129 79472 41421 7954 1728 600.0 600.0
344.099618055508 79864 41647 8040 1655 600.0 600.0
344.106562500005 80594 42030 7999 1586 600.0 600.0
344.113506944501 79811 41989 7898 1540 600.0 600.0
344.120451388881 80130 41977 8196 1665 600.0 600.0
344.127395833377 53093 27705 5303 1126 600.0 398.0
344.134340277757 79785 41869 8178 1597 600.0 600.0
344.141284722253 79868 41657 8001 1688 600.0 600.0
344.148229166633 80210 42004 8178 1670 600.0 600.0
344.155173611129 80271 42247 8159 1703 600.0 600.0
344.162118055508 79618 41859 8019 1602 600.0 600.0
344.169062500005 79960 41821 8167 1629 600.0 600.0
344.176006944501 80002 41791 8001 1567 600.0 600.0
344.182951388881 79991 41593 8040 1529 600.0 600.0
344.189895833377 79728 42027 8236 1579 600.0 600.0
344.196840277757 79681 41726 8010 1605 600.0 600.0
344.203784722253 80389 41976 8137 1574 600.0 600.0
344.210729166633 80627 42365 8218 1615 600.0 600.0
344.217673611129 80227 41876 8033 1738 600.0 600.0
344.224618055508 79961 41892 8134 1535 600.0 600.0
344.231562500005 80374 42232 8309 1634 600.0 600.0
344.238506944501 80482 42014 8084 1607 600.0 600.0
344.245451388881 80189 41842 8060 1623 600.0 600.0
344.252395833377 53131 27769 5436 1080 600.0 398.0
344.259340277757 80950 42123 8124 1625 600.0 600.0
344.266284722253 79701 41908 8144 1613 600.0 600.0
344.273229166633 80266 42302 8167 1633 600.0 600.0
344.280173611129 79739 41947 8045 1710 600.0 600.0
344.287118055508 79906 42075 8105 1631 600.0 600.0
344.294062500005 80048 42233 8132 1567 600.0 600.0
344.301006944501 80097 42572 8260 1621 600.0 600.0
344.307951388881 79962 42222 8105 1637 600.0 600.0
344.314895833377 80040 42080 8073 1571 600.0 600.0
344.321840277757 80059 41761 8179 1530 600.0 600.0
344.328784722253 80728 42089 8369 1599 600.0 600.0
344.335729166633 80501 42144 8342 1575 600.0 600.0
344.342673611129 80051 41485 8090 1559 600.0 600.0
344.349618055508 80350 42546 8091 1668 600.0 600.0
344.356562500005 79338 42395 8288 1635 600.0 600.0
344.363506944501 80458 42510 8294 1537 600.0 600.0
344.370451388881 80572 42534 8326 1579 600.0 600.0
344.377465277794 52418 27303 5339 1042 606.0 394.0
344.384409722174 80168 42186 8144 1539 600.0 600.0
344.391354166670 80838 42155 8240 1594 600.0 600.0
344.398298611166 80904 41805 8143 1691 600.0 600.0
344.405243055546 81322 42149 8233 1563 600.0 600.0
