329.009305555606 75045 34809 6983 1158 600.0 600.0
329.016249999986 74959 34946 7080 1171 600.0 600.0
329.023194444482 74533 35224 7146 1195 600.0 600.0
329.030138888862 74233 35986 7161 1239 600.0 600.0
329.037083333358 73846 36403 7210 1243 600.0 600.0
329.044027777738 73582 36715 7243 1277 600.0 600.0
329.050972222234 73735 36713 7144 1236 600.0 600.0
329.057916666614 73501 35976 7074 1269 600.0 600.0
329.064861111110 73843 36268 7247 1217 600.0 600.0
329.071805555606 73575 35967 7153 1193 600.0 600.0
329.078749999986 74690 35576 7143 1200 600.0 600.0
329.085694444482 75088 35652 7094 1257 600.0 600.0
329.092638888862 74425 35374 7067 1213 600.0 600.0
329.099583333358 73908 35003 7010 1166 600.0 600.0
329.106527777738 74307 35141 7081 1212 600.0 600.0
329.113472222234 74588 34947 6941 1197 600.0 600.0
329.120416666614 75271 35483 7092 1227 600.0 600.0
329.127465277794 50132 23603 4861 854 609.0 397.0
329.134409722174 75152 35279 7102 1265 600.0 600.0
329.141354166670 75076 35346 7154 1181 600.0 600.0
329.148298611166 75376 35140 7080 1209 600.0 600.0
329.155243055546 75628 35513 7068 1156 600.0 600.0
329.162187500042 75269 35457 7080 1108 600.0 600.0
329.169131944422 74984 34792 7073 1183 600.0 600.0
329.176076388918 75286 35330 7070 1204 600.0 600.0
329.183020833298 75225 35387 7077 1210 600.0 600.0
329.189965277794 75573 35203 7129 1191 600.0 600.0
329.196909722174 75094 34923 6929 1200 600.0 600.0
329.203854166670 75200 35239 7132 1204 600.0 600.0
329.210798611166 74931 35344 6998 1171 600.0 600.0
329.217743055546 74982 35370 7076 1285 600.0 600.0
329.224687500042 74300 36273 7248 1185 600.0 600.0
329.231631944422 73982 36109 7111 1298 600.0 600.0
329.238576388918 36178 17630 3485 620 600.0 294.0
329.245520833298 74076 36682 7225 1292 600.0 600.0
329.252465277794 48194 24057 4699 803 600.0 397.0
329.259409722174 73619 37208 7199 1339 600.0 600.0
329.266354166670 73424 36548 7065 1267 600.0 600.0
329.273298611166 73746 36759 7355 1319 600.0 600.0
329.280243055546 73958 36870 7175 1311 600.0 600.0
329.287187500042 73271 36525 7084 1221 600.0 600.0
329.294131944422 73037 36707 7359 1202 600.0 600.0
329.301076388918 74240 36508 7259 1226 600.0 600.0
329.308020833298 74183 36169 7211 1290 600.0 600.0
329.314965277794 74465 35979 7203 1252 600.0 600.0
329.321909722174 74682 36028 7225 1265 600.0 600.0
329.328854166670 74773 36065 7189 1302 600.0 600.0
329.335798611166 74277 35643 7209 1277 600.0 600.0
329.342743055546 75351 35990 7104 1279 600.0 600.0
329.349687500042 75294 35547 7141 1220 600.0 600.0
329.356631944422 75095 35451 7051 1224 600.0 600.0
329.363576388918 75492 35268 7038 1243 600.0 600.0
329.370520833298 75159 35226 7223 1249 600.0 600.0
329.377465277794 49729 23156 4616 804 600.0 398.0
329.384409722174 75070 35340 7223 1149 600.0 600.0
329.391354166670 75166 35163 7137 1150 600.0 600.0
329.398298611166 75302 35167 7022 1270 600.0 600.0
329.405243055546 74885 35292 7016 1241 600.0 600.0
329.412187500042 75066 35065 7068 1159 600.0 600.0
329.419131944422 75211 34830 7027 1209 600.0 600.0
329.426076388918 75726 35281 6992 1241 600.0 600.0
329.433020833298 75638 34898 7004 1317 600.0 600.0
329.439965277794 75067 34534 6989 1204 600.0 600.0
329.446909722174 75386 34751 6982 1253 600.0 600.0
329.453854166670 75432 34763 6977 1214 600.0 600.0
329.460798611166 75176 35020 6925 1163 600.0 600.0
329.467743055546 74506 35280 6911 1269 600.0 600.0
329.474687500042 74959 35627 7130 1225 600.0 600.0
329.481631944422 74331 35344 6968 1270 600.0 600.0
329.488576388918 74844 35702 7189 1236 600.0 600.0
329.495520833298 75039 35829 7246 1196 600.0 600.0
329.502465277794 49591 23641 4599 820 600.0 397.0
329.509409722174 74420 35304 7171 1254 600.0 600.0
329.516354166670 74407 35817 7269 1307 600.0 600.0
329.523298611166 74037 35895 7203 1323 600.0 600.0
329.530243055546 73600 36524 7154 1343 600.0 600.0
329.537187500042 73634 37011 7234 1333 600.0 600.0
329.544131944422 73663 36681 6992 1300 600.0 600.0
329.551076388918 73724 36757 7222 1378 600.0 600.0
329.558020833298 73247 36712 7041 1429 600.0 600.0
329.564965277794 74637 37080 7178 1513 600.0 600.0
329.571909722174 74288 36630 7085 1521 600.0 600.0
329.578854166670 74215 36698 6995 1467 600.0 600.0
329.585798611166 74418 36605 7013 1482 600.0 600.0
329.592743055546 75235 36679 7146 1540 600.0 600.0
329.599687500042 74694 36419 6980 1627 600.0 600.0
329.606631944422 75458 36259 6954 1602 600.0 600.0
329.613576388918 76173 36405 6862 1696 600.0 600.0
329.620520833298 75399 36505 7009 1641 600.0 600.0
329.627465277794 50396 24287 4661 1130 600.0 397.0
329.634409722174 75489 36378 6862 1630 600.0 600.0
329.641354166670 75392 36283 6769 1654 600.0 600.0
329.648298611166 75829 36288 6821 1685 600.0 600.0
329.655243055546 76466 36239 6967 1700 600.0 600.0
329.662187500042 76394 36112 6841 1745 600.0 600.0
329.669131944422 76661 35912 6762 1818 600.0 600.0
329.676076388918 77597 36404 6873 1788 600.0 600.0
329.683020833298 77774 35829 6866 1800 600.0 600.0
329.689965277794 78113 35802 6969 1859 600.0 600.0
329.696909722174 77648 36102 6861 1815 600.0 600.0
329.703854166670 77075 36013 6739 1845 600.0 600.0
329.710798611166 77828 36182 6806 1880 600.0 600.0
329.717743055546 77811 35254 6633 1891 600.0 600.0
329.724687500042 77962 35510 6633 1956 600.0 600.0
329.731631944422 78263 35439 6602 1957 600.0 600.0
329.738576388918 77613 35383 6783 1882 600.0 600.0
329.745520833298 78204 35035 6508 1897 600.0 600.0
329.752465277794 52151 23372 4410 1302 600.0 396.0
329.759409722174 77087 35323 6726 1879 600.0 600.0
329.766354166670 79015 34147 6516 1744 600.0 600.0
329.773298611166 79860 34194 6625 1683 600.0 600.0
329.780243055546 78086 35279 6895 1704 600.0 600.0
329.787187500042 77184 35254 6689 1679 600.0 600.0
329.794131944422 77417 35323 6739 1776 600.0 600.0
329.801076388918 77451 35614 6690 1841 600.0 600.0
329.808020833298 77555 36064 6619 1909 600.0 600.0
329.814965277794 76972 35365 6653 1906 600.0 600.0
329.821909722174 76871 34760 6521 1941 600.0 600.0
329.828854166670 78247 34955 6473 2039 600.0 600.0
329.835798611166 78883 35156 6530 2024 600.0 600.0
329.842743055546 79155 34736 6470 2071 600.0 600.0
329.849687500042 78775 33970 6309 2433 600.0 600.0
329.856631944422 79434 32023 5629 2941 600.0 600.0
329.863576388918 79682 28922 5224 3691 600.0 600.0
329.870520833298 78981 24348 4217 4501 600.0 600.0
329.877465277794 50399 13285 2242 3580 600.0 393.0
329.884409722174 74481 14477 2359 6217 600.0 600.0
329.891354166670 70916 10381 1623 6672 600.0 600.0
329.898298611166 68694 7644 1178 6846 600.0 600.0
329.905243055546 66208 5644 834 6949 600.0 600.0
329.912187500042 63687 4274 596 6991 600.0 600.0
329.919131944422 61839 3393 502 6932 600.0 600.0
329.926076388918 59872 2718 373 6791 600.0 600.0
329.933020833298 57676 2095 296 6483 600.0 600.0
329.939965277794 55376 1692 251 6245 600.0 600.0
329.946909722174 53417 1310 180 6240 600.0 600.0
329.953854166670 51263 1030 144 5911 600.0 600.0
329.960798611166 49333 850 114 5628 600.0 600.0
329.967743055546 47732 707 82 5530 600.0 600.0
329.974687500042 45736 571 71 5365 600.0 600.0
329.981631944422 44607 507 56 5082 600.0 600.0
329.988576388918 43371 440 35 4971 600.0 600.0
329.995520833298 42222 392 35 4856 600.0 600.0
330.002465277794 28003 251 34 3348 600.0 396.0
330.009409722174 41244 292 37 4787 600.0 600.0
330.016354166670 41340 291 21 5017 600.0 600.0
330.023298611166 53853 19297 3197 2558 600.0 600.0
330.030243055546 79352 31750 5789 2737 600.0 600.0
330.037187500042 79274 32562 6256 2002 600.0 600.0
330.044131944422 79560 33382 6328 1855 600.0 600.0
330.051076388918 79616 33398 6367 1877 600.0 600.0
330.058020833298 80043 33419 6317 1860 600.0 600.0
330.064965277794 79874 33331 6328 1897 600.0 600.0
330.071909722174 78949 33408 6117 1912 600.0 600.0
330.078854166670 79683 33415 6270 2044 600.0 600.0
330.085798611166 79774 33563 6266 1949 600.0 600.0
330.092743055546 79214 33208 6104 1923 600.0 600.0
330.099687500042 79351 33406 6360 1982 600.0 600.0
330.106631944422 78768 33281 6279 1911 600.0 600.0
330.113576388918 79128 33367 6300 1928 600.0 600.0
330.120520833298 79897 33315 6336 1956 600.0 600.0
330.127465277794 52805 22097 4213 1308 600.0 397.0
330.134409722174 78335 33661 6246 1834 600.0 600.0
330.141354166670 79421 33402 6201 1939 600.0 600.0
330.148298611166 79506 33455 6292 1883 600.0 600.0
330.155243055546 78750 33228 6269 1860 600.0 600.0
330.162187500042 78438 33174 6075 1845 600.0 600.0
330.169131944422 78904 33624 6368 1799 600.0 600.0
330.176076388918 78556 33572 6485 1941 600.0 600.0
330.183020833298 78125 33547 6326 1808 600.0 600.0
330.189965277794 77935 33641 6330 1908 600.0 600.0
330.196909722174 78064 33190 6306 1859 600.0 600.0
330.203854166670 77949 33262 6181 1886 600.0 600.0
330.210798611166 77775 33031 6178 1763 600.0 600.0
330.217743055546 77981 33445 6263 1832 600.0 600.0
330.224687500042 78130 33522 6270 1825 600.0 600.0
330.231631944422 77847 33418 6224 1878 600.0 600.0
330.238576388918 78376 33865 6241 1811 600.0 600.0
330.245520833298 77601 33671 6257 1824 600.0 600.0
330.252465277794 50925 21980 4183 1196 600.0 395.0
330.259409722174 77751 33276 6325 1887 600.0 600.0
330.266354166670 78257 33336 6264 1835 600.0 600.0
330.273298611166 77788 33297 6242 1844 600.0 600.0
330.280243055546 77978 33509 6333 1913 600.0 600.0
330.287187500042 78020 33628 6387 1875 600.0 600.0
330.294131944422 77866 33419 6327 1808 600.0 600.0
330.301076388918 77708 33447 6235 1942 600.0 600.0
330.308020833298 77982 33426 6127 1871 600.0 600.0
330.314965277794 77741 33461 6278 1902 600.0 600.0
330.321909722174 77705 33408 6255 1924 600.0 600.0
330.328854166670 77577 33784 6413 1887 600.0 600.0
330.335798611166 77874 33657 6478 1897 600.0 600.0
330.342743055546 77418 33352 6207 1946 600.0 600.0
330.349687500042 77079 33398 6344 1882 600.0 600.0
330.356631944422 77799 33953 6388 1840 600.0 600.0
330.363576388918 77202 33919 6525 1856 600.0 600.0
330.370520833298 77455 33450 6330 1859 600.0 600.0
330.377465277794 51413 22260 4183 1239 600.0 395.0
330.384409722174 77124 33456 6327 1788 600.0 600.0
330.391354166670 77279 33207 6253 1917 600.0 600.0
330.398298611166 77136 33487 6353 1776 600.0 600.0
330.405243055546 77614 33397 6362 1903 600.0 600.0
330.412187500042 77579 33587 6445 1729 600.0 600.0
330.419131944422 77213 33256 6264 1809 600.0 600.0
330.426076388918 77778 33429 6376 1814 600.0 600.0
330.433020833298 77725 33872 6323 1851 600.0 600.0
330.439965277794 77336 33630 6288 1862 600.0 600.0
330.446909722174 76641 33565 6436 1763 600.0 600.0
330.453854166670 77522 33623 6430 1748 600.0 600.0
330.460798611166 77805 33644 6333 1781 600.0 600.0
330.467743055546 77445 33527 6264 1837 600.0 600.0
330.474687500042 77870 33488 6298 1885 600.0 600.0
330.481631944422 77807 33266 6207 1821 600.0 600.0
330.488576388918 77750 33630 6365 1882 600.0 600.0
330.495520833298 78060 33438 6321 1790 600.0 600.0
330.502465277794 51367 22138 4240 1275 600.0 395.0
330.509409722174 78403 33780 6452 1823 600.0 600.0
330.516354166670 78271 33095 6216 1891 600.0 600.0
330.523298611166 78425 33387 6352 1811 600.0 600.0
330.530243055546 78107 33609 6381 1965 600.0 600.0
330.537187500042 77676 33613 6282 1923 600.0 600.0
330.544131944422 77789 33603 6260 1895 600.0 600.0
330.551076388918 78312 33481 6197 1950 600.0 600.0
330.558020833298 77885 33350 6182 1805 600.0 600.0
330.564965277794 78019 33712 6264 1888 600.0 600.0
330.571909722174 77964 33671 6256 1882 600.0 600.0
330.578854166670 76852 33418 6390 1962 600.0 600.0
330.585798611166 76624 33271 6270 1944 600.0 600.0
330.592743055546 77186 33493 6282 1921 600.0 600.0
330.599687500042 77346 33411 6144 1941 600.0 600.0
330.606631944422 77430 33545 6283 2008 600.0 600.0
330.613576388918 77289 34088 6388 1925 600.0 600.0
330.620520833298 75788 33418 6166 1997 600.0 600.0
330.627465277794 50523 22202 4104 1360 600.0 395.0
330.634409722174 76584 33361 6208 2041 600.0 600.0
330.641354166670 76898 33577 6368 2068 600.0 600.0
330.648298611166 77125 33483 6256 2108 600.0 600.0
330.655243055546 77041 33301 6244 2114 600.0 600.0
330.662187500042 77219 33749 6402 2178 600.0 600.0
330.669131944422 76477 33129 6278 2146 600.0 600.0
330.676076388918 76976 33212 5967 2192 600.0 600.0
330.683020833298 77390 33163 6119 2083 600.0 600.0
330.689965277794 77195 32995 6087 2177 600.0 600.0
330.696909722174 77098 33196 6020 2250 600.0 600.0
330.703854166670 76631 32728 5980 2229 600.0 600.0
330.710798611166 77242 33040 6258 2222 600.0 600.0
330.717743055546 76707 33445 6046 2246 600.0 600.0
330.724687500042 77362 33577 6172 2180 600.0 600.0
330.731631944422 77600 33067 6326 2236 600.0 600.0
330.738576388918 77161 33031 6081 2243 600.0 600.0
330.745520833298 77168 33024 6039 2258 600.0 600.0
330.752465277794 50546 21686 4059 1405 600.0 393.0
330.759409722174 77337 33032 6010 2340 600.0 600.0
330.766354166670 77276 32958 6049 2226 600.0 600.0
330.773298611166 77506 32931 6074 2254 600.0 600.0
330.780243055546 77416 33031 6128 2204 600.0 600.0
330.787187500042 77072 32750 6109 2367 600.0 600.0
330.794131944422 77490 32741 6066 2373 600.0 600.0
330.801076388918 77013 32590 6006 2277 600.0 600.0
330.808020833298 77281 32569 6016 2351 600.0 600.0
330.814965277794 77061 32604 6007 2298 600.0 600.0
330.821909722174 77212 32693 5952 2310 600.0 600.0
330.828854166670 77436 32850 6120 2339 600.0 600.0
330.835798611166 76827 32515 5904 2374 600.0 600.0
330.842743055546 76528 32533 5942 2418 600.0 600.0
330.849687500042 77113 32864 6121 2372 600.0 600.0
330.856631944422 76808 32642 5994 2390 600.0 600.0
330.863576388918 76553 32582 5942 2436 600.0 600.0
330.870520833298 76824 32493 5880 2492 600.0 600.0
330.877465277794 50506 21151 3949 1619 600.0 395.0
330.884409722174 76810 32657 5951 2379 600.0 600.0
330.891354166670 76216 32427 5924 2343 600.0 600.0
330.898298611166 76461 32584 5972 2467 600.0 600.0
330.905243055546 75848 32042 5882 2442 600.0 600.0
330.912187500042 76625 32273 5966 2512 600.0 600.0
330.919131944422 76416 32103 5963 2461 600.0 600.0
330.926076388918 76765 32409 6065 2458 600.0 600.0
330.933020833298 76964 31935 5720 2578 600.0 600.0
330.939965277794 77450 32003 5820 2455 600.0 600.0
330.946909722174 77586 31952 5721 2489 600.0 600.0
330.953854166670 77927 31602 5731 2571 600.0 600.0
330.960798611166 77828 31970 5847 2486 600.0 600.0
330.967743055546 77341 32347 6067 2443 600.0 600.0
330.974687500042 76939 32189 5857 2533 600.0 600.0
330.981631944422 77608 32512 6045 2381 600.0 600.0
330.988576388918 77241 32232 5942 2416 600.0 600.0
330.995520833298 77366 32389 5875 2382 600.0 600.0
331.002465277794 51129 21535 3965 1672 600.0 393.0
331.009409722174 77536 32029 5866 2576 600.0 600.0
331.016354166670 76956 31950 5916 2508 600.0 600.0
331.023298611166 77573 32113 6010 2526 600.0 600.0
331.030243055546 77288 31941 6003 2444 600.0 600.0
331.037187500042 77474 32132 5943 2485 600.0 600.0
331.044131944422 77702 32485 5980 2520 600.0 600.0
331.051076388918 77506 32491 5933 2502 600.0 600.0
331.058020833298 76758 32287 5894 2576 600.0 600.0
331.064965277794 76846 32188 5980 2502 600.0 600.0
331.071909722174 76756 32280 5867 2475 600.0 600.0
331.078854166670 76308 32169 5950 2527 600.0 600.0
331.085798611166 76432 32255 5789 2501 600.0 600.0
331.092743055546 76570 32392 5801 2560 600.0 600.0
331.099687500042 75820 32098 5755 2482 600.0 600.0
331.106631944422 76779 32577 5966 2483 600.0 600.0
331.113576388918 76671 32354 5986 2484 600.0 600.0
331.120520833298 76010 32134 5899 2495 600.0 600.0
331.127465277794 49954 21244 3778 1630 600.0 392.0
331.134409722174 76701 32374 5961 2433 600.0 600.0
331.141354166670 76405 32416 5893 2447 600.0 600.0
331.148298611166 76614 32471 6010 2404 600.0 600.0
331.155243055546 76464 32256 5952 2492 600.0 600.0
331.162187500042 76475 32294 5949 2476 600.0 600.0
331.169131944422 76523 32426 5977 2451 600.0 600.0
331.176076388918 76519 32656 6107 2335 600.0 600.0
331.183020833298 76467 32468 6023 2317 600.0 600.0
331.189965277794 76437 32631 6136 2409 600.0 600.0
331.196909722174 76611 32803 6100 2381 600.0 600.0
331.203854166670 76941 32828 6099 2285 600.0 600.0
331.210798611166 76600 32637 5961 2227 600.0 600.0
331.217743055546 76587 32835 6057 2353 600.0 600.0
331.224687500042 76619 32976 6144 2279 600.0 600.0
331.231631944422 76006 32594 6028 2209 600.0 600.0
331.238576388918 76698 33058 6177 2264 600.0 600.0
331.245520833298 76524 32974 6066 2299 600.0 600.0
331.252465277794 50528 21893 4018 1503 600.0 396.0
331.259409722174 76544 33424 6277 2233 600.0 600.0
331.266354166670 76534 33254 6006 2209 600.0 600.0
331.273298611166 75957 32865 6022 2088 600.0 600.0
331.280243055546 76038 32996 6052 2172 600.0 600.0
331.287187500042 76604 33261 6134 2159 600.0 600.0
331.294131944422 75847 33207 6256 2234 600.0 600.0
331.301076388918 76549 33277 6248 2160 600.0 600.0
331.308020833298 75864 33077 6194 2083 600.0 600.0
331.314965277794 76483 33265 6119 2222 600.0 600.0
331.321909722174 76150 33360 6122 2138 600.0 600.0
331.328854166670 76110 33616 6244 2113 600.0 600.0
331.335798611166 75783 33164 6137 2119 600.0 600.0
331.342743055546 75963 33366 6203 2164 600.0 600.0
331.349687500042 76117 33571 6115 2069 600.0 600.0
331.356631944422 75719 33404 6104 2201 600.0 600.0
331.363576388918 76165 33558 6177 2075 600.0 600.0
331.370520833298 76290 33252 6186 2125 600.0 600.0
331.377465277794 50620 22033 4048 1323 600.0 396.0
331.384409722174 76171 33360 6181 2159 600.0 600.0
331.391354166670 75590 33217 6335 2128 600.0 600.0
331.398298611166 76147 33771 6240 1939 600.0 600.0
331.405243055546 76479 33348 6432 1743 600.0 600.0
331.412187500042 76972 33518 6355 1776 600.0 600.0
331.419131944422 76546 33283 6325 1777 600.0 600.0
331.426076388918 76755 33280 6373 1724 600.0 600.0
331.433020833298 76950 33961 6554 1803 600.0 600.0
331.439965277794 76988 33617 6432 1791 600.0 600.0
331.446909722174 77196 33387 6203 1763 600.0 600.0
331.453854166670 76777 33391 6310 1774 600.0 600.0
331.460798611166 76364 33749 6435 1817 600.0 600.0
331.467743055546 76228 33305 6257 1742 600.0 600.0
331.474687500042 76791 33422 6382 1788 600.0 600.0
331.481631944422 76454 33082 6421 1773 600.0 600.0
331.488576388918 77347 33558 6433 1760 600.0 600.0
331.495520833298 77682 33496 6317 1828 600.0 600.0
331.502465277794 50678 21719 4176 1173 600.0 389.0
331.509409722174 77425 33577 6317 1734 600.0 600.0
331.516354166670 77648 33433 6402 1786 600.0 600.0
331.523298611166 77757 33478 6439 1788 600.0 600.0
331.530243055546 76732 33446 6269 1729 600.0 600.0
331.537187500042 77521 34074 6407 1771 600.0 600.0
331.544131944422 76799 33493 6454 1781 600.0 600.0
331.551076388918 76605 33615 6433 1806 600.0 600.0
331.558020833298 76955 33389 6367 1855 600.0 600.0
331.564965277794 77537 33469 6378 1776 600.0 600.0
331.571909722174 77840 33852 6459 1828 600.0 600.0
331.578854166670 77641 33676 6387 1822 600.0 600.0
331.585798611166 77859 33879 6304 1756 600.0 600.0
331.592743055546 77742 33636 6369 1782 600.0 600.0
331.599687500042 77218 33634 6449 1790 600.0 600.0
331.606631944422 76653 33562 6441 1725 600.0 600.0
331.613576388918 76879 33603 6284 1772 600.0 600.0
331.620520833298 76789 33683 6367 1776 600.0 600.0
331.627465277794 51021 22157 4315 1130 600.0 397.0
331.634409722174 77693 34082 6508 1771 600.0 600.0
331.641354166670 77520 33758 6365 1799 600.0 600.0
331.648298611166 77480 33928 6429 1737 600.0 600.0
331.655243055546 76902 33784 6299 1733 600.0 600.0
331.662187500042 76640 33943 6462 1695 600.0 600.0
331.669131944422 76503 33716 6366 1719 600.0 600.0
331.676076388918 76558 33660 6331 1761 600.0 600.0
331.683020833298 76397 33896 6444 1761 600.0 600.0
331.689965277794 76555 33949 6361 1691 600.0 600.0
331.696909722174 75592 33721 6328 1781 600.0 600.0
331.703854166670 75857 33990 6371 1804 600.0 600.0
331.710798611166 76423 34357 6547 1818 600.0 600.0
331.717743055546 76915 33646 6228 1805 600.0 600.0
331.724687500042 75997 33509 6316 1796 600.0 600.0
331.731631944422 76479 33991 6500 1786 600.0 600.0
331.738576388918 76858 34196 6516 1810 600.0 600.0
331.745520833298 75729 33946 6460 1758 600.0 600.0
331.752465277794 49960 22441 4261 1179 600.0 393.0
331.759409722174 76948 33877 6380 1814 600.0 600.0
331.766354166670 76587 33772 6381 1816 600.0 600.0
331.773298611166 76698 33745 6405 1762 600.0 600.0
331.780243055546 76907 33854 6416 1787 600.0 600.0
331.787187500042 77230 33878 6303 1838 600.0 600.0
331.794131944422 76711 33917 6321 1760 600.0 600.0
331.801076388918 76768 33647 6283 1804 600.0 600.0
331.808020833298 77169 34066 6398 1913 600.0 600.0
331.814965277794 76951 33827 6442 1881 600.0 600.0
331.821909722174 77095 34026 6448 1752 600.0 600.0
331.828854166670 77491 33837 6198 1809 600.0 600.0
331.835798611166 77464 34065 6359 1879 600.0 600.0
331.842743055546 76114 33756 6409 1759 600.0 600.0
331.849687500042 76809 33827 6465 1836 600.0 600.0
331.856631944422 76660 34054 6361 1801 600.0 600.0
331.863576388918 76542 34194 6524 1779 600.0 600.0
331.870520833298 76733 33821 6263 1820 600.0 600.0
331.877465277794 49856 22347 4154 1192 600.0 393.0
331.884409722174 77173 33897 6408 1716 600.0 600.0
331.891354166670 77066 33733 6324 1742 600.0 600.0
331.898298611166 76891 33468 6316 1818 600.0 600.0
331.905243055546 76868 33585 6382 1742 600.0 600.0
331.912187500042 77309 33840 6277 1796 600.0 600.0
331.919131944422 76947 33728 6248 1740 600.0 600.0
331.926076388918 76890 33778 6392 1812 600.0 600.0
331.933020833298 76757 33704 6321 1712 600.0 600.0
331.939965277794 77136 33852 6497 1823 600.0 600.0
331.946909722174 77052 33771 6382 1753 600.0 600.0
331.953854166670 76935 33701 6286 1748 600.0 600.0
331.960798611166 77006 33601 6486 1807 600.0 600.0
331.967743055546 76694 33647 6472 1742 600.0 600.0
331.974687500042 76976 33874 6447 1782 600.0 600.0
331.981631944422 76752 33707 6275 1843 600.0 600.0
331.988576388918 76533 33799 6255 1754 600.0 600.0
331.995520833298 77080 33735 6351 1796 600.0 600.0
332.002465277794 50306 21865 4090 1206 600.0 392.0
332.009409722174 77495 33701 6460 1807 600.0 600.0
332.016354166670 77434 33835 6416 1767 600.0 600.0
332.023298611166 77476 33808 6335 1763 600.0 600.0
332.030243055546 76268 33603 6272 1751 600.0 600.0
332.037187500042 76957 33810 6274 1736 600.0 600.0
332.044131944422 77700 33734 6414 1771 600.0 600.0
332.051076388918 77329 34054 6334 1797 600.0 600.0
332.058020833298 77048 33779 6399 1778 600.0 600.0
332.064965277794 77406 33980 6423 1803 600.0 600.0
332.071909722174 77720 33888 6267 1881 600.0 600.0
332.078854166670 77468 33816 6529 1708 600.0 600.0
332.085798611166 77598 33517 6396 1784 600.0 600.0
332.092743055546 77912 34203 6493 1813 600.0 600.0
332.099687500042 77605 33868 6411 1830 600.0 600.0
332.106631944422 77607 33764 6485 1802 600.0 600.0
332.113576388918 77549 34019 6427 1814 600.0 600.0
332.120520833298 77648 33973 6506 1744 600.0 600.0
332.127465277794 50866 22427 4231 1148 600.0 397.0
332.134409722174 77258 34411 6556 1779 600.0 600.0
332.141354166670 77203 34344 6573 1737 600.0 600.0
332.148298611166 77089 33999 6486 1759 600.0 600.0
332.155243055546 77705 34384 6531 1791 600.0 600.0
332.162187500042 77501 33971 6461 1803 600.0 600.0
332.169131944422 77481 34410 6557 1755 600.0 600.0
332.176076388918 76975 34224 6598 1770 600.0 600.0
332.183020833298 76070 33943 6399 1719 600.0 600.0
332.189965277794 76174 34117 6375 1754 600.0 600.0
332.196909722174 76852 34375 6664 1753 600.0 600.0
332.203854166670 76451 34203 6495 1740 600.0 600.0
332.210798611166 76367 34206 6363 1798 600.0 600.0
332.217743055546 76270 34306 6481 1761 600.0 600.0
332.224687500042 76265 34344 6506 1708 600.0 600.0
332.231631944422 76484 34402 6503 1739 600.0 600.0
332.238576388918 76623 33994 6437 1810 600.0 600.0
332.245520833298 76686 34238 6449 1798 600.0 600.0
332.252465277794 50272 22481 4298 1107 600.0 398.0
332.259409722174 76965 34401 6483 1778 600.0 600.0
332.266354166670 76829 34395 6460 1782 600.0 600.0
332.273298611166 76377 34109 6421 1797 600.0 600.0
332.280243055546 76006 34419 6432 1706 600.0 600.0
332.287187500042 76447 34807 6513 1783 600.0 600.0
332.294131944422 76330 34604 6638 1730 600.0 600.0
332.301076388918 76544 34327 6531 1723 600.0 600.0
332.308020833298 75952 34187 6429 1686 600.0 600.0
332.314965277794 76415 34276 6468 1759 600.0 600.0
332.321909722174 76524 34441 6453 1723 600.0 600.0
332.328854166670 76033 34312 6509 1709 600.0 600.0
332.335798611166 76513 34533 6594 1698 600.0 600.0
332.342743055546 76196 34238 6636 1643 600.0 600.0
332.349687500042 76665 34170 6568 1680 600.0 600.0
332.356631944422 77012 34528 6520 1695 600.0 600.0
332.363576388918 76878 34435 6633 1701 600.0 600.0
332.370520833298 77159 34496 6594 1771 600.0 600.0
332.377465277794 50314 22594 4344 1080 600.0 392.0
332.384409722174 76550 34396 6560 1674 600.0 600.0
332.391354166670 76669 34571 6561 1658 600.0 600.0
332.398298611166 75837 34134 6497 1666 600.0 600.0
332.405243055546 76345 34531 6530 1673 600.0 600.0
332.412187500042 76668 34173 6463 1759 600.0 600.0
332.419131944422 76822 34364 6432 1686 600.0 600.0
332.426076388918 76274 34395 6529 1702 600.0 600.0
332.433020833298 76859 34819 6579 1763 600.0 600.0
332.439965277794 76114 34386 6521 1703 600.0 600.0
332.446909722174 75976 34718 6592 1692 600.0 600.0
332.453854166670 75743 34316 6483 1692 600.0 600.0
332.460798611166 75849 34525 6613 1646 600.0 600.0
332.467743055546 76422 34553 6416 1752 600.0 600.0
332.474687500042 76294 34805 6668 1756 600.0 600.0
332.481631944422 75858 34668 6629 1700 600.0 600.0
332.488576388918 75603 34343 6484 1701 600.0 600.0
332.495520833298 75445 34452 6451 1726 600.0 600.0
332.502465277794 49893 22877 4275 1106 600.0 393.0
332.509409722174 76750 34460 6610 1789 600.0 600.0
332.516354166670 76828 34555 6556 1640 600.0 600.0
332.523298611166 76533 34273 6433 1708 600.0 600.0
332.530243055546 76544 34728 6481 1732 600.0 600.0
332.537187500042 76530 34839 6506 1679 600.0 600.0
332.544131944422 76228 34614 6517 1671 600.0 600.0
332.551076388918 76537 34760 6582 1697 600.0 600.0
332.558020833298 76612 34570 6590 1697 600.0 600.0
332.564965277794 76514 34474 6428 1697 600.0 600.0
332.571909722174 76879 34903 6607 1672 600.0 600.0
332.578854166670 76571 34554 6481 1643 600.0 600.0
332.585798611166 77110 34730 6493 1693 600.0 600.0
332.592743055546 76946 34416 6688 1667 600.0 600.0
332.599687500042 77688 35062 6646 1691 600.0 600.0
332.606631944422 77244 34370 6523 1671 600.0 600.0
332.613576388918 77567 34712 6526 1728 600.0 600.0
332.620520833298 77766 34794 6616 1691 600.0 600.0
332.627465277794 50885 22857 4302 1103 600.0 395.0
332.634409722174 77588 34664 6634 1747 600.0 600.0
332.641354166670 77500 34380 6481 1770 600.0 600.0
332.648298611166 77836 34578 6567 1772 600.0 600.0
332.655243055546 78331 34742 6491 1751 600.0 600.0
332.662187500042 77623 34838 6528 1788 600.0 600.0
332.669131944422 77538 34807 6561 1806 600.0 600.0
332.676076388918 76576 34477 6604 1815 600.0 600.0
332.683020833298 77547 34958 6648 1803 600.0 600.0
332.689965277794 76989 34717 6690 1712 600.0 600.0
332.696909722174 77761 34790 6597 1818 600.0 600.0
332.703854166670 77319 34602 6633 1823 600.0 600.0
332.710798611166 77324 34853 6609 1810 600.0 600.0
332.717743055546 77791 34721 6501 1786 600.0 600.0
332.724687500042 77706 34495 6613 1826 600.0 600.0
332.731631944422 77404 34654 6509 1778 600.0 600.0
332.738576388918 78051 34787 6620 1871 600.0 600.0
332.745520833298 78160 34928 6645 1793 600.0 600.0
332.752465277794 51484 22718 4333 1166 600.0 395.0
332.759409722174 77781 34789 6527 1899 600.0 600.0
332.766354166670 77559 34712 6640 1879 600.0 600.0
332.773298611166 77427 34719 6546 1767 600.0 600.0
332.780243055546 77899 34722 6759 1865 600.0 600.0
332.787187500042 77583 34662 6635 1805 600.0 600.0
332.794131944422 77836 34745 6645 1815 600.0 600.0
332.801076388918 77495 34896 6671 1794 600.0 600.0
332.808020833298 77621 34908 6538 1755 600.0 600.0
332.814965277794 77873 34767 6642 1836 600.0 600.0
332.821909722174 77375 34650 6700 1843 600.0 600.0
332.828854166670 77718 34532 6574 1805 600.0 600.0
332.835798611166 78059 34931 6582 1757 600.0 600.0
332.842743055546 78095 34729 6677 1659 600.0 600.0
332.849687500042 77621 34415 6527 1762 600.0 600.0
332.856631944422 78049 34537 6479 1733 600.0 600.0
332.863576388918 77398 34604 6635 1717 600.0 600.0
332.870520833298 77345 34788 6584 1832 600.0 600.0
332.877465277794 50900 22731 4319 1137 600.0 395.0
332.884409722174 77373 34795 6680 1735 600.0 600.0
332.891354166670 76805 34454 6574 1699 600.0 600.0
332.898298611166 76799 34733 6696 1696 600.0 600.0
332.905243055546 76906 34708 6608 1672 600.0 600.0
332.912187500042 76707 34652 6584 1694 600.0 600.0
332.919131944422 76229 34221 6496 1678 600.0 600.0
332.926076388918 76867 34478 6712 1701 600.0 600.0
332.933020833298 77154 34663 6676 1679 600.0 600.0
332.939965277794 77602 35024 6536 1669 600.0 600.0
332.946909722174 77107 34739 6568 1735 600.0 600.0
332.953854166670 76371 34278 6547 1701 600.0 600.0
332.960798611166 76681 34694 6536 1757 600.0 600.0
332.967743055546 76723 34583 6529 1666 600.0 600.0
332.974687500042 76078 34724 6658 1687 600.0 600.0
332.981631944422 75942 35046 6627 1664 600.0 600.0
332.988576388918 75914 34865 6575 1633 600.0 600.0
332.995520833298 77178 34955 6589 1666 600.0 600.0
333.002465277794 51009 22908 4361 1161 600.0 396.0
333.009409722174 76550 34635 6602 1719 600.0 600.0
333.016354166670 76665 34795 6644 1660 600.0 600.0
333.023298611166 77066 34565 6641 1703 600.0 600.0
333.030243055546 76997 34701 6564 1665 600.0 600.0
333.037187500042 77454 34849 6701 1658 600.0 600.0
333.044131944422 76642 34553 6638 1656 600.0 600.0
333.051076388918 76815 34505 6590 1632 600.0 600.0
333.058020833298 76667 34640 6578 1654 600.0 600.0
333.064965277794 76488 34627 6678 1626 600.0 600.0
333.071909722174 76934 34445 6418 1724 600.0 600.0
333.078854166670 76696 34706 6746 1627 600.0 600.0
333.085798611166 76916 34946 6757 1646 600.0 600.0
333.092743055546 76529 34772 6679 1594 600.0 600.0
333.099687500042 76792 35058 6773 1645 600.0 600.0
333.106631944422 76815 34723 6605 1645 600.0 600.0
333.113576388918 77057 34950 6690 1587 600.0 600.0
333.120520833298 77041 34922 6565 1663 600.0 600.0
333.127465277794 50282 22835 4306 1140 600.0 394.0
333.134409722174 76261 34711 6686 1653 600.0 600.0
333.141354166670 76888 35385 6798 1589 600.0 600.0
333.148298611166 76748 35054 6862 1573 600.0 600.0
333.155243055546 76440 35160 6677 1608 600.0 600.0
333.162187500042 76246 35112 6636 1616 600.0 600.0
333.169131944422 76247 35064 6594 1679 600.0 600.0
333.176076388918 76283 35077 6633 1672 600.0 600.0
333.183020833298 76349 35072 6766 1726 600.0 600.0
333.189965277794 76479 35133 6817 1647 600.0 600.0
333.196909722174 76157 35164 6710 1650 600.0 600.0
333.203854166670 75653 35187 6764 1667 600.0 600.0
333.210798611166 75926 35526 6897 1635 600.0 600.0
333.217743055546 75995 35642 6804 1690 600.0 600.0
333.224687500042 76448 35655 6720 1654 600.0 600.0
333.231631944422 75839 35417 6737 1584 600.0 600.0
333.238576388918 76120 35076 6728 1614 600.0 600.0
333.245520833298 76008 35239 6754 1558 600.0 600.0
333.252465277794 50137 23120 4331 1057 600.0 395.0
333.259409722174 75993 35208 6774 1591 600.0 600.0
333.266354166670 76468 35699 6958 1653 600.0 600.0
333.273298611166 76023 35680 6809 1612 600.0 600.0
333.280243055546 76515 35383 6926 1555 600.0 600.0
333.287187500042 76842 35596 6776 1605 600.0 600.0
333.294131944422 76782 35321 6592 1671 600.0 600.0
333.301076388918 76241 35263 6699 1664 600.0 600.0
333.308020833298 76568 34918 6738 1684 600.0 600.0
333.314965277794 76539 35136 6797 1681 600.0 600.0
333.321909722174 76261 34986 6806 1670 600.0 600.0
333.328854166670 76456 35469 6845 1608 600.0 600.0
333.335798611166 77184 35607 6839 1675 600.0 600.0
333.342743055546 77254 35630 6859 1612 600.0 600.0
333.349687500042 77141 35332 6632 1585 600.0 600.0
333.356631944422 76588 35263 6771 1586 600.0 600.0
333.363576388918 76255 35426 6691 1701 600.0 600.0
333.370520833298 75702 35304 6881 1614 600.0 600.0
333.377465277794 49795 23382 4481 1085 600.0 395.0
333.384409722174 76714 35582 6755 1601 600.0 600.0
333.391354166670 76976 35624 6768 1632 600.0 600.0
333.398298611166 76793 35541 6912 1653 600.0 600.0
333.405243055546 76502 35340 6817 1566 600.0 600.0
333.412187500042 76755 35329 6844 1561 600.0 600.0
333.419131944422 76789 35489 6948 1621 600.0 600.0
333.426076388918 77191 35564 6813 1541 600.0 600.0
333.433020833298 76521 35446 6730 1633 600.0 600.0
333.439965277794 76829 35512 6756 1555 600.0 600.0
333.446909722174 77424 35657 6918 1638 600.0 600.0
333.453854166670 77630 35109 6763 1686 600.0 600.0
333.460798611166 77066 35036 6726 1649 600.0 600.0
333.467743055546 76870 35370 6718 1672 600.0 600.0
333.474687500042 77291 35146 6693 1660 600.0 600.0
333.481631944422 77418 35361 6737 1738 600.0 600.0
333.488576388918 77180 35648 6834 1667 600.0 600.0
333.495520833298 77747 35898 6807 1699 600.0 600.0
333.502465277794 51350 23526 4466 1087 600.0 395.0
333.509409722174 77250 35520 6827 1639 600.0 600.0
333.516354166670 77014 35518 6829 1681 600.0 600.0
333.523298611166 77058 35137 6795 1669 600.0 600.0
333.530243055546 77346 35875 6910 1681 600.0 600.0
333.537187500042 77406 35656 6947 1734 600.0 600.0
333.544131944422 76916 35260 6768 1660 600.0 600.0
333.551076388918 77591 35784 6825 1659 600.0 600.0
333.558020833298 77378 35364 6869 1627 600.0 600.0
333.564965277794 77989 35686 6762 1712 600.0 600.0
333.571909722174 77660 35436 6826 1695 600.0 600.0
333.578854166670 78020 35537 6845 1652 600.0 600.0
333.585798611166 77896 35446 6715 1602 600.0 600.0
333.592743055546 77332 35349 6660 1648 600.0 600.0
333.599687500042 76797 35151 6670 1653 600.0 600.0
333.606631944422 77781 35692 6903 1664 600.0 600.0
333.613576388918 77978 35415 6776 1674 600.0 600.0
333.620520833298 77636 35444 6911 1672 600.0 600.0
333.627465277794 51151 23707 4599 1139 600.0 395.0
333.634409722174 78146 35240 6701 1689 600.0 600.0
333.641354166670 78086 35897 6893 1668 600.0 600.0
333.648298611166 77845 35776 6665 1801 600.0 600.0
333.655243055546 76527 35367 6742 1711 600.0 600.0
333.662187500042 77242 35555 6803 1734 600.0 600.0
333.669131944422 77955 36036 6865 1763 600.0 600.0
333.676076388918 76825 36039 6922 1669 600.0 600.0
333.683020833298 77297 35831 6747 1693 600.0 600.0
333.689965277794 77272 35668 6886 1723 600.0 600.0
333.696909722174 76913 35401 6702 1679 600.0 600.0
333.703854166670 77124 35705 6720 1743 600.0 600.0
333.710798611166 77469 35811 6834 1641 600.0 600.0
333.717743055546 76936 35356 6708 1701 600.0 600.0
333.724687500042 77821 35928 6837 1654 600.0 600.0
333.731631944422 77707 35589 6690 1673 600.0 600.0
333.738576388918 77662 35542 6794 1712 600.0 600.0
333.745520833298 77750 35742 6778 1777 600.0 600.0
333.752465277794 51559 23529 4502 1165 600.0 396.0
333.759409722174 77971 35449 6632 1729 600.0 600.0
333.766354166670 78439 35815 6956 1734 600.0 600.0
333.773298611166 78268 35435 6814 1776 600.0 600.0
333.780243055546 78379 35764 6752 1796 600.0 600.0
333.787187500042 78143 35516 6700 1755 600.0 600.0
333.794131944422 78659 35632 6900 1716 600.0 600.0
333.801076388918 77841 35226 6804 1732 600.0 600.0
333.808020833298 78154 35275 6677 1748 600.0 600.0
333.814965277794 78336 35252 6691 1718 600.0 600.0
333.821909722174 78261 35470 6759 1698 600.0 600.0
333.828854166670 78149 35132 6693 1747 600.0 600.0
333.835798611166 77980 35373 6709 1774 600.0 600.0
333.842743055546 78270 35243 6639 1772 600.0 600.0
333.849687500042 77613 34869 6557 1760 600.0 600.0
333.856631944422 78221 35309 6606 1737 600.0 600.0
333.863576388918 78262 35507 6751 1738 600.0 600.0
333.870520833298 78156 35413 6870 1751 600.0 600.0
333.877465277794 51221 23140 4516 1166 600.0 396.0
333.884409722174 78427 35695 6754 1706 600.0 600.0
333.891354166670 77996 35447 6887 1709 600.0 600.0
333.898298611166 77733 35227 6783 1663 600.0 600.0
333.905243055546 77492 35460 6778 1709 600.0 600.0
333.912187500042 77748 35595 6785 1658 600.0 600.0
333.919131944422 78094 35783 6941 1641 600.0 600.0
333.926076388918 77693 35145 6596 1668 600.0 600.0
333.933020833298 77515 35423 6738 1743 600.0 600.0
333.939965277794 77209 35376 6789 1633 600.0 600.0
333.946909722174 77356 35741 6675 1695 600.0 600.0
333.953854166670 77189 35304 6769 1649 600.0 600.0
333.960798611166 77161 35501 6660 1694 600.0 600.0
333.967743055546 77170 35209 6708 1647 600.0 600.0
333.974687500042 77148 34950 6674 1731 600.0 600.0
333.981631944422 77347 35175 6690 1691 600.0 600.0
333.988576388918 77194 35531 6776 1666 600.0 600.0
333.995520833298 77543 35099 6769 1727 600.0 600.0
334.002465277794 51572 23303 4459 1112 600.0 397.0
334.009409722174 77564 35163 6763 1676 600.0 600.0
334.016354166670 77533 35334 6742 1697 600.0 600.0
334.023298611166 77128 35037 6689 1741 600.0 600.0
334.030243055546 77199 35197 6688 1706 600.0 600.0
334.037187500042 77040 35206 6654 1662 600.0 600.0
334.044131944422 77187 35473 6744 1700 600.0 600.0
334.051076388918 77523 35333 6875 1689 600.0 600.0
334.058020833298 77660 35380 6765 1681 600.0 600.0
334.064965277794 77253 35170 6621 1724 600.0 600.0
334.071909722174 77316 35378 6729 1629 600.0 600.0
334.078854166670 76975 35646 6670 1659 600.0 600.0
334.085798611166 76274 35006 6526 1578 600.0 600.0
334.092743055546 76822 35441 6654 1714 600.0 600.0
334.099687500042 77016 35659 6882 1676 600.0 600.0
334.106631944422 77123 35718 6919 1669 600.0 600.0
334.113576388918 77125 35609 6967 1706 600.0 600.0
334.120520833298 76913 35614 6818 1679 600.0 600.0
334.127465277794 50704 23280 4493 1054 600.0 396.0
334.134409722174 76465 35482 6822 1627 600.0 600.0
334.141354166670 76314 35256 6719 1637 600.0 600.0
334.148298611166 77021 35433 6828 1616 600.0 600.0
334.155243055546 76690 35593 6835 1607 600.0 600.0
334.162187500042 76309 35507 6875 1672 600.0 600.0
334.169131944422 76728 35448 6864 1615 600.0 600.0
334.176076388918 76177 35699 6804 1518 600.0 600.0
334.183020833298 77213 35646 6809 1571 600.0 600.0
334.189965277794 77363 35779 6879 1696 600.0 600.0
334.196909722174 77379 35688 6958 1605 600.0 600.0
334.203854166670 76842 35706 6801 1590 600.0 600.0
334.210798611166 76791 35513 6771 1608 600.0 600.0
334.217743055546 76450 35977 6933 1554 600.0 600.0
334.224687500042 76942 35705 6895 1587 600.0 600.0
334.231631944422 77232 35971 7012 1656 600.0 600.0
334.238576388918 76562 35968 6800 1671 600.0 600.0
334.245520833298 76308 36046 7000 1608 600.0 600.0
334.252465277794 50587 23922 4538 1073 600.0 394.0
334.259409722174 76286 36044 6883 1590 600.0 600.0
334.266354166670 76470 36063 7012 1714 600.0 600.0
334.273298611166 76579 35919 6944 1606 600.0 600.0
334.280243055546 77631 35684 6805 1627 600.0 600.0
334.287187500042 77211 36079 6867 1610 600.0 600.0
334.294131944422 76842 35916 6864 1564 600.0 600.0
334.301076388918 77336 35863 7062 1675 600.0 600.0
334.308020833298 77533 35638 6820 1619 600.0 600.0
334.314965277794 77590 35802 6756 1714 600.0 600.0
334.321909722174 77575 36109 6925 1679 600.0 600.0
334.328854166670 77452 35947 6699 1673 600.0 600.0
334.335798611166 77284 35778 6814 1622 600.0 600.0
334.342743055546 77855 35966 6778 1671 600.0 600.0
334.349687500042 77917 36364 7103 1751 600.0 600.0
334.356631944422 77496 36043 6881 1684 600.0 600.0
334.363576388918 77450 35762 6819 1672 600.0 600.0
334.370520833298 77372 36206 7042 1687 600.0 600.0
334.377465277794 50558 23733 4584 1069 600.0 394.0
334.384409722174 77612 36235 6929 1712 600.0 600.0
334.391354166670 77698 36012 6875 1624 600.0 600.0
334.398298611166 77526 36161 6991 1820 600.0 600.0
334.405243055546 77852 36210 6936 1676 600.0 600.0
334.412187500042 78042 36407 6951 1667 600.0 600.0
334.419131944422 77634 35976 6972 1700 600.0 600.0
334.426076388918 77833 36017 6860 1631 600.0 600.0
334.433020833298 77668 36066 6888 1741 600.0 600.0
334.439965277794 77101 36007 6960 1731 600.0 600.0
334.446909722174 76810 35783 6747 1631 600.0 600.0
334.453854166670 77356 36082 6864 1717 600.0 600.0
334.460798611166 78204 36208 6888 1692 600.0 600.0
334.467743055546 77659 35788 6787 1685 600.0 600.0
334.474687500042 77050 36036 6820 1597 600.0 600.0
334.481631944422 77287 36369 6980 1741 600.0 600.0
334.488576388918 77753 35801 6974 1752 600.0 600.0
334.495520833298 78152 36065 6932 1756 600.0 600.0
334.502465277794 51304 23633 4522 1072 600.0 394.0
334.509409722174 77931 36124 6931 1688 600.0 600.0
334.516354166670 77345 36248 6983 1678 600.0 600.0
334.523298611166 77231 36069 6945 1730 600.0 600.0
334.530243055546 77979 36613 6963 1647 600.0 600.0
334.537187500042 77764 35844 6842 1728 600.0 600.0
334.544131944422 78098 35884 6851 1677 600.0 600.0
334.551076388918 77500 36125 6886 1656 600.0 600.0
334.558020833298 78233 35914 6965 1717 600.0 600.0
334.564965277794 78222 36146 6884 1733 600.0 600.0
334.571909722174 78113 36344 6897 1718 600.0 600.0
334.578854166670 77280 36343 6933 1791 600.0 600.0
334.585798611166 77188 36172 6780 1693 600.0 600.0
334.592743055546 77690 36070 6906 1755 600.0 600.0
334.599687500042 77937 36471 6944 1647 600.0 600.0
334.606631944422 77823 36395 6931 1683 600.0 600.0
334.613576388918 77402 36103 6816 1680 600.0 600.0
334.620520833298 77720 36378 7051 1722 600.0 600.0
334.627465277794 51388 23839 4524 1102 600.0 394.0
334.634409722174 78215 36253 6881 1734 600.0 600.0
334.641354166670 77703 36209 6990 1706 600.0 600.0
334.648298611166 77754 35966 6682 1726 600.0 600.0
334.655243055546 78040 36401 7097 1766 600.0 600.0
334.662187500042 78417 36280 6908 1860 600.0 600.0
334.669131944422 78280 36022 6994 1786 600.0 600.0
334.676076388918 77934 35961 6841 1832 600.0 600.0
334.683020833298 78004 36505 6850 1730 600.0 600.0
334.689965277794 77536 35804 6824 1800 600.0 600.0
334.696909722174 78278 35940 6893 1761 600.0 600.0
334.703854166670 78221 36298 6846 1787 600.0 600.0
334.710798611166 78212 36286 6743 1646 600.0 600.0
334.717743055546 78332 36273 6974 1760 600.0 600.0
334.724687500042 77885 36185 6798 1757 600.0 600.0
334.731631944422 79060 36236 6860 1761 600.0 600.0
334.738576388918 78557 36049 6921 1688 600.0 600.0
334.745520833298 77662 35987 6723 1802 600.0 600.0
334.752465277794 51213 23876 4566 1158 600.0 394.0
334.759409722174 77490 36186 6854 1832 600.0 600.0
334.766354166670 76893 36049 6723 1775 600.0 600.0
334.773298611166 76708 36004 6922 1791 600.0 600.0
334.780243055546 77270 36440 6890 1712 600.0 600.0
334.787187500042 77410 36266 6871 1803 600.0 600.0
334.794131944422 77898 36134 6720 1709 600.0 600.0
334.801076388918 77381 35999 6849 1837 600.0 600.0
334.808020833298 77480 36042 6722 1731 600.0 600.0
334.814965277794 77625 36296 6695 1818 600.0 600.0
334.821909722174 76713 36262 6795 1725 600.0 600.0
334.828854166670 76472 35899 6754 1750 600.0 600.0
334.835798611166 77038 36143 6672 1826 600.0 600.0
334.842743055546 76842 35670 6684 1785 600.0 600.0
334.849687500042 77344 35954 6690 1788 600.0 600.0
334.856631944422 77318 36313 7005 1784 600.0 600.0
334.863576388918 77711 35995 6808 1744 600.0 600.0
334.870520833298 78126 36304 6836 1800 600.0 600.0
334.877465277794 51250 23751 4475 1240 600.0 396.0
334.884409722174 78318 36462 6979 1770 600.0 600.0
334.891354166670 77808 36187 6834 1822 600.0 600.0
334.898298611166 77156 35527 6610 1791 600.0 600.0
334.905243055546 77571 36151 6888 1822 600.0 600.0
334.912187500042 77655 36179 6767 1790 600.0 600.0
334.919131944422 77263 35809 6947 1756 600.0 600.0
334.926076388918 77850 36404 6817 1768 600.0 600.0
334.933020833298 77395 36047 6740 1840 600.0 600.0
334.939965277794 77462 35924 6848 1746 600.0 600.0
334.946909722174 78107 35934 6748 1695 600.0 600.0
334.953854166670 78114 36031 6750 1788 600.0 600.0
334.960798611166 77882 35968 6729 1775 600.0 600.0
334.967743055546 78544 35985 6829 1808 600.0 600.0
334.974687500042 78158 35680 6737 1815 600.0 600.0
334.981631944422 78035 36127 6956 1742 600.0 600.0
334.988576388918 77942 35803 6913 1795 600.0 600.0
334.995520833298 78130 36119 6962 1780 600.0 600.0
335.002465277794 51138 23484 4411 1123 600.0 396.0
335.009409722174 77906 36021 6883 1766 600.0 600.0
335.016354166670 77579 35466 6699 1808 600.0 600.0
335.023298611166 77707 36079 6985 1824 600.0 600.0
335.030243055546 77732 36139 6916 1707 600.0 600.0
335.037187500042 78063 35888 6827 1710 600.0 600.0
335.044131944422 78335 36002 6729 1692 600.0 600.0
335.051076388918 78186 36216 6965 1706 600.0 600.0
335.058020833298 77584 35908 6778 1698 600.0 600.0
335.064965277794 77934 36108 6965 1672 600.0 600.0
335.071909722174 77453 36180 6789 1714 600.0 600.0
335.078854166670 77281 36067 6863 1656 600.0 600.0
335.085798611166 77823 36247 6921 1698 600.0 600.0
335.092743055546 77667 36480 7040 1745 600.0 600.0
335.099687500042 77929 36175 7118 1725 600.0 600.0
335.106631944422 77156 35716 7013 1649 600.0 600.0
335.113576388918 77797 36392 7058 1771 600.0 600.0
335.120520833298 77864 36183 6944 1695 600.0 600.0
335.127465277794 51249 23889 4561 1156 600.0 396.0
335.134409722174 77529 36127 6829 1704 600.0 600.0
335.141354166670 77883 36593 6988 1616 600.0 600.0
335.148298611166 78135 36567 7128 1634 600.0 600.0
335.155243055546 77684 35973 6954 1688 600.0 600.0
335.162187500042 77093 36500 6893 1656 600.0 600.0
335.169131944422 77268 36801 6995 1690 600.0 600.0
335.176076388918 76616 36856 6993 1660 600.0 600.0
335.183020833298 77340 36338 6893 1701 600.0 600.0
335.189965277794 77365 36407 6847 1672 600.0 600.0
335.196909722174 77416 36947 7155 1678 600.0 600.0
335.203854166670 77372 36411 6897 1659 600.0 600.0
335.210798611166 77292 36592 7057 1753 600.0 600.0
335.217743055546 77185 36381 7004 1667 600.0 600.0
335.224687500042 77377 36615 7070 1632 600.0 600.0
335.231631944422 77873 36877 7044 1670 600.0 600.0
335.238576388918 77848 36933 7007 1676 600.0 600.0
335.245520833298 76964 36646 6980 1727 600.0 600.0
335.252465277794 50739 24142 4590 1101 600.0 395.0
335.259409722174 76747 37133 7136 1647 600.0 600.0
335.266354166670 76678 36612 7076 1660 600.0 600.0
335.273298611166 76592 36720 6995 1665 600.0 600.0
335.280243055546 77574 36923 7051 1736 600.0 600.0
335.287187500042 77004 36964 7111 1661 600.0 600.0
335.294131944422 76550 37000 7091 1648 600.0 600.0
335.301076388918 76632 36900 7144 1642 600.0 600.0
335.308020833298 76341 36845 6967 1623 600.0 600.0
335.314965277794 76233 36616 7136 1679 600.0 600.0
335.321909722174 76327 37081 7191 1690 600.0 600.0
335.328854166670 76416 36960 6916 1676 600.0 600.0
335.335798611166 76879 37150 7090 1634 600.0 600.0
335.342743055546 76163 36799 6978 1755 600.0 600.0
335.349687500042 76255 36808 7045 1652 600.0 600.0
335.356631944422 76760 37247 7008 1703 600.0 600.0
335.363576388918 76076 36988 6961 1717 600.0 600.0
335.370520833298 76560 37457 7158 1675 600.0 600.0
335.377465277794 50291 24351 4628 1129 600.0 396.0
335.384409722174 76866 37220 7022 1687 600.0 600.0
335.391354166670 76576 37036 6913 1715 600.0 600.0
335.398298611166 76715 37437 7128 1625 600.0 600.0
335.405243055546 76475 36853 7000 1702 600.0 600.0
335.412187500042 76718 36750 6915 1700 600.0 600.0
335.419131944422 76839 36847 7058 1673 600.0 600.0
335.426076388918 76811 36923 7062 1686 600.0 600.0
335.433020833298 76981 37117 7224 1680 600.0 600.0
335.439965277794 76730 37211 7125 1678 600.0 600.0
335.446909722174 76298 37117 6989 1662 600.0 600.0
335.453854166670 76055 36920 6986 1686 600.0 600.0
335.460798611166 75679 36807 7152 1680 600.0 600.0
335.467743055546 76416 36996 6983 1722 600.0 600.0
335.474687500042 76581 36636 7104 1760 600.0 600.0
335.481631944422 76884 36710 7024 1675 600.0 600.0
335.488576388918 76871 36849 7127 1747 600.0 600.0
335.495520833298 76792 37197 7070 1701 600.0 600.0
335.502465277794 50555 24260 4534 1154 600.0 395.0
335.509409722174 76253 37068 7084 1768 600.0 600.0
335.516354166670 76334 36808 7059 1720 600.0 600.0
335.523298611166 76417 37100 7103 1692 600.0 600.0
335.530243055546 76443 37258 7017 1761 600.0 600.0
335.537187500042 75910 36833 6879 1705 600.0 600.0
335.544131944422 75920 37081 7103 1650 600.0 600.0
335.551076388918 75851 37009 6875 1703 600.0 600.0
335.558020833298 76854 37379 7064 1715 600.0 600.0
335.564965277794 75927 36922 7089 1611 600.0 600.0
335.571909722174 75891 37405 7161 1719 600.0 600.0
335.578854166670 75978 37217 6967 1665 600.0 600.0
335.585798611166 75467 37001 6948 1698 600.0 600.0
335.592743055546 75770 37157 7015 1721 600.0 600.0
335.599687500042 76339 37300 7099 1603 600.0 600.0
335.606631944422 76039 37336 7040 1741 600.0 600.0
335.613576388918 76440 37329 7039 1780 600.0 600.0
335.620520833298 75992 36932 6873 1775 600.0 600.0
335.627465277794 50130 24426 4628 1163 600.0 396.0
335.634409722174 76186 37088 6920 1729 600.0 600.0
335.641354166670 76082 37172 7024 1699 600.0 600.0
335.648298611166 76192 37090 6915 1722 600.0 600.0
335.655243055546 76522 37341 7058 1774 600.0 600.0
335.662187500042 76404 37039 6966 1741 600.0 600.0
335.669131944422 76509 37428 7088 1791 600.0 600.0
335.676076388918 76708 37150 7063 1774 600.0 600.0
335.683020833298 76544 37077 7028 1642 600.0 600.0
335.689965277794 76385 36933 7048 1708 600.0 600.0
335.696909722174 77051 37031 7068 1734 600.0 600.0
335.703854166670 76794 37287 7018 1773 600.0 600.0
335.710798611166 76697 37020 7043 1799 600.0 600.0
335.717743055546 76875 37422 7172 1747 600.0 600.0
335.724687500042 76549 36874 7011 1774 600.0 600.0
335.731631944422 76868 37317 7137 1822 600.0 600.0
335.738576388918 77051 36834 6875 1772 600.0 600.0
335.745520833298 77063 37010 6820 1740 600.0 600.0
335.752465277794 51000 24489 4667 1214 600.0 397.0
335.759409722174 76328 36959 6781 1834 600.0 600.0
335.766354166670 76963 36893 6886 1811 600.0 600.0
335.773298611166 76809 36699 6902 1830 600.0 600.0
335.780243055546 76797 36710 6899 1836 600.0 600.0
335.787187500042 76946 36882 7062 1861 600.0 600.0
335.794131944422 76381 36944 6905 1790 600.0 600.0
335.801076388918 76946 36865 6794 1807 600.0 600.0
335.808020833298 77643 36717 6908 1800 600.0 600.0
335.814965277794 77265 36887 7002 1807 600.0 600.0
335.821909722174 77360 36758 7037 1878 600.0 600.0
335.828854166670 77085 36955 7066 1798 600.0 600.0
335.835798611166 76439 37015 6933 1738 600.0 600.0
335.842743055546 76689 36885 7054 1860 600.0 600.0
335.849687500042 77111 36974 6980 1787 600.0 600.0
335.856631944422 76779 36604 6927 1864 600.0 600.0
335.863576388918 77180 36936 6951 1808 600.0 600.0
335.870520833298 76971 36972 6909 1801 600.0 600.0
335.877465277794 50679 24128 4564 1108 600.0 392.0
335.884409722174 77178 36840 6972 1741 600.0 600.0
335.891354166670 77766 37025 7017 1820 600.0 600.0
335.898298611166 77844 36746 6947 1875 600.0 600.0
335.905243055546 77992 36878 7009 1851 600.0 600.0
335.912187500042 77168 36993 7062 1819 600.0 600.0
335.919131944422 77049 36982 6987 1811 600.0 600.0
335.926076388918 77702 36971 6996 1738 600.0 600.0
335.933020833298 77216 36602 6878 1835 600.0 600.0
335.939965277794 77189 36838 7010 1759 600.0 600.0
335.946909722174 77552 36918 6979 1801 600.0 600.0
335.953854166670 77258 36853 6988 1772 600.0 600.0
335.960798611166 77089 37038 6952 1871 600.0 600.0
335.967743055546 76945 36877 6916 1771 600.0 600.0
335.974687500042 77221 37161 6982 1748 600.0 600.0
335.981631944422 77467 36797 6921 1808 600.0 600.0
335.988576388918 77556 36696 6814 1826 600.0 600.0
335.995520833298 77371 37158 6941 1736 600.0 600.0
336.002465277794 50351 24382 4553 1160 600.0 394.0
336.009409722174 77159 36555 6793 1790 600.0 600.0
336.016354166670 77726 37161 7108 1720 600.0 600.0
336.023298611166 77421 36862 6968 1800 600.0 600.0
336.030243055546 77475 36639 6961 1776 600.0 600.0
336.037187500042 77358 36742 6920 1760 600.0 600.0
336.044131944422 77405 36840 6911 1750 600.0 600.0
336.051076388918 77509 36718 6927 1751 600.0 600.0
336.058020833298 77263 36933 7027 1706 600.0 600.0
336.064965277794 77066 37036 6968 1691 600.0 600.0
336.071909722174 77272 37265 7018 1777 600.0 600.0
336.078854166670 77370 37024 7062 1759 600.0 600.0
336.085798611166 77066 36940 7049 1693 600.0 600.0
336.092743055546 76751 36830 6953 1717 600.0 600.0
336.099687500042 77004 36977 7154 1752 600.0 600.0
336.106631944422 76499 36642 6827 1692 600.0 600.0
336.113576388918 76937 37305 7111 1718 600.0 600.0
336.120520833298 77618 37281 7053 1746 600.0 600.0
336.127465277794 50454 24100 4571 1199 600.0 394.0
336.134409722174 77100 37107 6965 1705 600.0 600.0
336.141354166670 76885 36934 6861 1765 600.0 600.0
336.148298611166 77392 37090 6947 1775 600.0 600.0
336.155243055546 76550 37216 7019 1757 600.0 600.0
336.162187500042 76273 36959 6887 1753 600.0 600.0
336.169131944422 76742 37379 7002 1687 600.0 600.0
336.176076388918 77133 36856 7030 1714 600.0 600.0
336.183020833298 76930 37180 7005 1801 600.0 600.0
336.189965277794 76545 37123 6916 1655 600.0 600.0
336.196909722174 77536 37158 7019 1715 600.0 600.0
336.203854166670 76557 36821 7117 1716 600.0 600.0
336.210798611166 76860 37364 7084 1715 600.0 600.0
336.217743055546 76367 37063 6940 1645 600.0 600.0
336.224687500042 76079 37021 7006 1604 600.0 600.0
336.231631944422 76708 37040 6973 1703 600.0 600.0
336.238576388918 37652 18204 3490 887 600.0 294.0
336.245520833298 76574 37064 6935 1765 600.0 600.0
336.252465277794 50740 24583 4606 1197 600.0 398.0
336.259409722174 76975 36922 6990 1784 600.0 600.0
336.266354166670 76662 36952 6943 1755 600.0 600.0
336.273298611166 77004 37494 7127 1743 600.0 600.0
336.280243055546 76843 37440 6922 1727 600.0 600.0
336.287187500042 76975 37442 7034 1686 600.0 600.0
336.294131944422 76721 37367 7116 1700 600.0 600.0
336.301076388918 77504 37649 7087 1692 600.0 600.0
336.308020833298 76559 36990 6964 1750 600.0 600.0
336.314965277794 76693 37510 7089 1736 600.0 600.0
336.321909722174 76416 37084 6921 1745 600.0 600.0
336.328854166670 76325 36870 7012 1675 600.0 600.0
336.335798611166 75909 37269 6940 1779 600.0 600.0
336.342743055546 75924 37277 6976 1707 600.0 600.0
336.349687500042 76569 37336 7003 1690 600.0 600.0
336.356631944422 76992 37328 7245 1725 600.0 600.0
336.363576388918 76871 36883 7048 1759 600.0 600.0
336.370520833298 77877 37371 6985 1756 600.0 600.0
336.377465277794 51269 24626 4757 1101 600.0 398.0
336.384409722174 76818 37065 7197 1694 600.0 600.0
336.391354166670 77514 37461 7272 1701 600.0 600.0
336.398298611166 76976 36899 7041 1648 600.0 600.0
336.405243055546 77161 36798 7078 1691 600.0 600.0
336.412187500042 77476 37154 7066 1662 600.0 600.0
336.419131944422 77805 36959 7014 1724 600.0 600.0
336.426076388918 77394 37058 7029 1777 600.0 600.0
336.433020833298 77195 36735 6981 1813 600.0 600.0
336.439965277794 77566 37227 7019 1701 600.0 600.0
336.446909722174 77769 37147 7112 1733 600.0 600.0
336.453854166670 77300 37061 7002 1737 600.0 600.0
336.460798611166 77211 37307 7140 1713 600.0 600.0
336.467743055546 77248 37205 7150 1613 600.0 600.0
336.474687500042 76839 36791 6909 1609 600.0 600.0
336.481631944422 76926 37147 7202 1632 600.0 600.0
336.488576388918 77384 36741 6948 1655 600.0 600.0
336.495520833298 77296 37186 7107 1687 600.0 600.0
336.502465277794 51846 24828 4765 1108 600.0 398.0
336.509409722174 77719 37097 7180 1741 600.0 600.0
336.516354166670 77748 37238 7221 1710 600.0 600.0
336.523298611166 77177 37160 6845 1695 600.0 600.0
336.530243055546 77544 37154 7097 1641 600.0 600.0
336.537187500042 77516 37385 7270 1612 600.0 600.0
336.544131944422 76956 36971 7071 1647 600.0 600.0
336.551076388918 76855 37040 7144 1706 600.0 600.0
336.558020833298 76965 36869 7295 1700 600.0 600.0
336.564965277794 77511 37159 6994 1514 600.0 600.0
336.571909722174 77782 37138 7111 1652 600.0 600.0
336.578854166670 77658 37589 7193 1658 600.0 600.0
336.585798611166 77554 37479 7145 1591 600.0 600.0
336.592743055546 77896 37161 7174 1660 600.0 600.0
336.599687500042 77189 37191 7193 1665 600.0 600.0
336.606631944422 77181 37265 7275 1637 600.0 600.0
336.613576388918 77283 37234 7159 1555 600.0 600.0
336.620520833298 77700 37251 7122 1596 600.0 600.0
336.627465277794 50944 24355 4693 1102 600.0 397.0
336.634409722174 77084 37318 7242 1611 600.0 600.0
336.641354166670 76925 37064 7135 1648 600.0 600.0
336.648298611166 77824 37377 7209 1763 600.0 600.0
336.655243055546 77504 37202 7123 1684 600.0 600.0
336.662187500042 77772 37496 7159 1760 600.0 600.0
336.669131944422 78635 37512 7183 1808 600.0 600.0
336.676076388918 77924 37335 7072 1772 600.0 600.0
336.683020833298 77705 37407 7173 1695 600.0 600.0
336.689965277794 77628 37503 7133 1590 600.0 600.0
336.696909722174 77357 37438 7189 1621 600.0 600.0
336.703854166670 78005 37429 7196 1727 600.0 600.0
336.710798611166 78465 37576 7199 1648 600.0 600.0
336.717743055546 77758 37447 7207 1679 600.0 600.0
336.724687500042 77553 37057 7292 1670 600.0 600.0
336.731631944422 77720 37159 7060 1546 600.0 600.0
336.738576388918 77583 37171 7122 1636 600.0 600.0
336.745520833298 77360 37359 7245 1609 600.0 600.0
336.752465277794 51318 24666 4670 1072 600.0 396.0
336.759409722174 77288 37307 7073 1677 600.0 600.0
336.766354166670 77453 37628 7221 1640 600.0 600.0
336.773298611166 77203 37341 7095 1672 600.0 600.0
336.780243055546 76530 37214 7061 1661 600.0 600.0
336.787187500042 78020 37530 7239 1644 600.0 600.0
336.794131944422 77723 37285 7318 1704 600.0 600.0
336.801076388918 76750 37162 7166 1564 600.0 600.0
336.808020833298 77955 37796 7216 1595 600.0 600.0
336.814965277794 77164 37340 7020 1650 600.0 600.0
336.821909722174 77508 37635 7210 1652 600.0 600.0
336.828854166670 76748 37417 6999 1613 600.0 600.0
336.835798611166 77298 37490 7181 1595 600.0 600.0
336.842743055546 77780 37286 7129 1654 600.0 600.0
336.849687500042 77712 37522 7186 1688 600.0 600.0
336.856631944422 77627 37575 7256 1582 600.0 600.0
336.863576388918 77796 37624 7306 1688 600.0 600.0
336.870520833298 77311 37356 7130 1611 600.0 600.0
336.877465277794 51267 24872 4730 1106 600.0 397.0
336.884409722174 77689 37067 6947 1700 600.0 600.0
336.891354166670 77808 37038 7039 1736 600.0 600.0
336.898298611166 78152 37281 7183 1679 600.0 600.0
336.905243055546 77660 37070 7305 1701 600.0 600.0
336.912187500042 77774 37469 7213 1613 600.0 600.0
336.919131944422 78528 37685 7198 1629 600.0 600.0
336.926076388918 77967 37607 7083 1679 600.0 600.0
336.933020833298 77744 37340 7222 1631 600.0 600.0
336.939965277794 77585 37435 7033 1633 600.0 600.0
336.946909722174 77752 37305 7151 1574 600.0 600.0
336.953854166670 77991 37286 7104 1601 600.0 600.0
336.960798611166 77917 37424 7148 1609 600.0 600.0
336.967743055546 77963 37405 7158 1536 600.0 600.0
336.974687500042 77135 37288 7201 1601 600.0 600.0
336.981631944422 76943 37146 7086 1658 600.0 600.0
336.988576388918 77909 37253 7114 1570 600.0 600.0
336.995520833298 77411 37398 7199 1586 600.0 600.0
337.002465277794 51490 25079 4848 1047 600.0 397.0
337.009409722174 77850 37509 7125 1585 600.0 600.0
337.016354166670 78065 37791 7376 1704 600.0 600.0
337.023298611166 77379 37455 7222 1642 600.0 600.0
337.030243055546 78287 38028 7135 1598 600.0 600.0
337.037187500042 77926 37701 7164 1574 600.0 600.0
337.044131944422 77954 37450 7116 1629 600.0 600.0
337.051076388918 78011 37652 7287 1766 600.0 600.0
337.058020833298 77755 37862 7372 1650 600.0 600.0
337.064965277794 77705 37596 7140 1665 600.0 600.0
337.071909722174 77866 37381 7062 1644 600.0 600.0
337.078854166670 77698 37408 7034 1780 600.0 600.0
337.085798611166 77754 37246 6952 1618 600.0 600.0
337.092743055546 78281 37688 7333 1609 600.0 600.0
337.099687500042 77967 37472 7293 1572 600.0 600.0
337.106631944422 78039 37562 7198 1608 600.0 600.0
337.113576388918 77224 37359 6961 1627 600.0 600.0
337.120520833298 77380 37614 7272 1580 600.0 600.0
337.127465277794 51391 24917 4758 1114 600.0 397.0
337.134409722174 78568 37427 7173 1628 600.0 600.0
337.141354166670 77974 37377 7254 1628 600.0 600.0
337.148298611166 77897 37483 7309 1568 600.0 600.0
337.155243055546 77625 37588 7318 1696 600.0 600.0
337.162187500042 77753 37385 7068 1685 600.0 600.0
337.169131944422 78029 37885 7256 1662 600.0 600.0
337.176076388918 76889 37548 7096 1716 600.0 600.0
337.183020833298 77513 37996 7196 1623 600.0 600.0
337.189965277794 77800 37932 7281 1650 600.0 600.0
337.196909722174 77268 37151 7086 1569 600.0 600.0
337.203854166670 77990 37717 7349 1709 600.0 600.0
337.210798611166 78212 38140 7325 1603 600.0 600.0
337.217743055546 77888 37842 7175 1630 600.0 600.0
337.224687500042 77414 37599 7171 1612 600.0 600.0
337.231631944422 77649 37585 7264 1712 600.0 600.0
337.238576388918 77444 37294 7274 1640 600.0 600.0
337.245520833298 77379 37429 7172 1581 600.0 600.0
337.252465277794 51080 24823 4704 1088 600.0 394.0
337.259409722174 77600 37450 7046 1699 600.0 600.0
337.266354166670 77920 37775 7179 1685 600.0 600.0
337.273298611166 78202 37628 7192 1597 600.0 600.0
337.280243055546 77575 37530 7311 1663 600.0 600.0
337.287187500042 78056 37688 7176 1713 600.0 600.0
337.294131944422 77648 37462 7155 1711 600.0 600.0
337.301076388918 77584 37368 7042 1640 600.0 600.0
337.308020833298 78728 38025 7288 1638 600.0 600.0
337.314965277794 77646 37722 7261 1672 600.0 600.0
337.321909722174 78081 37950 7217 1653 600.0 600.0
337.328854166670 77764 37680 7197 1599 600.0 600.0
337.335798611166 78171 38176 7263 1673 600.0 600.0
337.342743055546 77638 37771 7149 1583 600.0 600.0
337.349687500042 77697 37758 7214 1620 600.0 600.0
337.356631944422 77849 37819 7245 1643 600.0 600.0
337.363576388918 77666 37904 7216 1680 600.0 600.0
337.370520833298 77609 37631 7179 1666 600.0 600.0
337.377465277794 51116 24892 4731 1120 600.0 395.0
337.384409722174 77298 37457 7197 1704 600.0 600.0
337.391354166670 77348 37722 7216 1646 600.0 600.0
337.398298611166 76852 37676 7105 1594 600.0 600.0
337.405243055546 76850 37479 7097 1677 600.0 600.0
337.412187500042 77117 37442 7108 1603 600.0 600.0
337.419131944422 77692 37952 7352 1732 600.0 600.0
337.426076388918 77727 37856 7262 1713 600.0 600.0
337.433020833298 77093 37882 7184 1650 600.0 600.0
337.439965277794 77437 37566 7253 1557 600.0 600.0
337.446909722174 78077 37696 7171 1599 600.0 600.0
337.453854166670 77835 37565 7120 1599 600.0 600.0
337.460798611166 77487 37856 7365 1647 600.0 600.0
337.467743055546 76948 37657 7232 1638 600.0 600.0
337.474687500042 77341 37851 7311 1676 600.0 600.0
337.481631944422 77407 38060 7309 1607 600.0 600.0
337.488576388918 77803 37910 7278 1709 600.0 600.0
337.495520833298 77578 38107 7311 1707 600.0 600.0
337.502465277794 50984 25087 4824 1052 600.0 397.0
337.509409722174 77037 38020 7236 1622 600.0 600.0
337.516354166670 77298 37700 7175 1646 600.0 600.0
337.523298611166 77466 37750 7248 1627 600.0 600.0
337.530243055546 77699 37819 7312 1614 600.0 600.0
337.537187500042 77583 38234 7250 1679 600.0 600.0
337.544131944422 76564 37809 7317 1686 600.0 600.0
337.551076388918 77145 38121 7351 1597 600.0 600.0
337.558020833298 77562 38256 7365 1599 600.0 600.0
337.564965277794 77622 38167 7380 1658 600.0 600.0
337.571909722174 77304 38079 7262 1614 600.0 600.0
337.578854166670 78304 37929 7306 1633 600.0 600.0
337.585798611166 78439 37755 7283 1669 600.0 600.0
337.592743055546 77685 37997 7321 1620 600.0 600.0
337.599687500042 77814 37654 7393 1656 600.0 600.0
337.606631944422 78447 37834 7303 1717 600.0 600.0
337.613576388918 78035 37979 7347 1708 600.0 600.0
337.620520833298 77948 38149 7358 1584 600.0 600.0
337.627465277794 51423 25180 4859 1113 600.0 395.0
337.634409722174 77646 37775 7157 1740 600.0 600.0
337.641354166670 77587 37783 7353 1703 600.0 600.0
337.648298611166 77646 37765 7222 1730 600.0 600.0
337.655243055546 77922 38135 7291 1665 600.0 600.0
337.662187500042 78048 38202 7310 1702 600.0 600.0
337.669131944422 77665 37747 7225 1717 600.0 600.0
337.676076388918 77453 38373 7320 1657 600.0 600.0
337.683020833298 77965 38453 7502 1712 600.0 600.0
337.689965277794 76951 37890 7198 1696 600.0 600.0
337.696909722174 77235 38370 7217 1770 600.0 600.0
337.703854166670 77185 37739 7196 1678 600.0 600.0
337.710798611166 77709 37787 7019 1674 600.0 600.0
337.717743055546 78141 38206 7254 1729 600.0 600.0
337.724687500042 78364 38215 7271 1724 600.0 600.0
337.731631944422 77398 37878 7284 1689 600.0 600.0
337.738576388918 77465 37940 7285 1652 600.0 600.0
337.745520833298 77560 38076 7213 1689 600.0 600.0
337.752465277794 51229 25209 4879 1084 600.0 394.0
337.759409722174 77471 37802 7322 1701 600.0 600.0
337.766354166670 77641 37736 7037 1697 600.0 600.0
337.773298611166 77725 38167 7203 1685 600.0 600.0
337.780243055546 77604 38224 7197 1704 600.0 600.0
337.787187500042 78101 38199 7295 1717 600.0 600.0
337.794131944422 78296 38176 7292 1681 600.0 600.0
337.801076388918 77759 38278 7350 1645 600.0 600.0
337.808020833298 77286 38279 7368 1665 600.0 600.0
337.814965277794 77434 38085 7279 1727 600.0 600.0
337.821909722174 77445 38028 7264 1686 600.0 600.0
337.828854166670 76726 37863 7170 1673 600.0 600.0
337.835798611166 76836 37972 7288 1680 600.0 600.0
337.842743055546 76823 38239 7257 1611 600.0 600.0
337.849687500042 76894 38254 7392 1722 600.0 600.0
337.856631944422 77039 38359 7316 1627 600.0 600.0
337.863576388918 75803 38047 7300 1580 600.0 600.0
337.870520833298 76596 38165 7287 1694 600.0 600.0
337.877465277794 50649 25294 4808 1074 600.0 395.0
337.884409722174 76339 38055 7220 1607 600.0 600.0
337.891354166670 76612 38244 7304 1582 600.0 600.0
337.898298611166 76341 38181 7138 1592 600.0 600.0
337.905243055546 76174 38278 7272 1651 600.0 600.0
337.912187500042 76164 38218 7315 1664 600.0 600.0
337.919131944422 75913 37973 7230 1680 600.0 600.0
337.926076388918 77144 38277 7245 1685 600.0 600.0
337.933020833298 76987 38222 7197 1651 600.0 600.0
337.939965277794 76982 38281 7280 1606 600.0 600.0
337.946909722174 76750 38051 7269 1695 600.0 600.0
337.953854166670 76374 38427 7348 1588 600.0 600.0
337.960798611166 76503 38249 7299 1644 600.0 600.0
337.967743055546 77115 38240 7319 1659 600.0 600.0
337.974687500042 77062 38046 7305 1665 600.0 600.0
337.981631944422 76879 38206 7437 1699 600.0 600.0
337.988576388918 76854 38065 7165 1677 600.0 600.0
337.995520833298 77543 38512 7419 1616 600.0 600.0
338.002465277794 50465 25220 4811 1093 600.0 391.0
338.009409722174 77771 38422 7410 1735 600.0 600.0
338.016354166670 77462 38502 7386 1687 600.0 600.0
338.023298611166 77647 38097 7372 1665 600.0 600.0
338.030243055546 78173 38359 7249 1659 600.0 600.0
338.037187500042 77740 38322 7254 1669 600.0 600.0
338.044131944422 77613 38437 7252 1692 600.0 600.0
338.051076388918 77704 38324 7221 1651 600.0 600.0
338.058020833298 77595 38600 7258 1633 600.0 600.0
338.064965277794 77080 38478 7449 1626 600.0 600.0
338.071909722174 78214 38149 7323 1679 600.0 600.0
338.078854166670 77849 38371 7235 1606 600.0 600.0
338.085798611166 77991 38403 7349 1706 600.0 600.0
338.092743055546 77310 38037 7400 1634 600.0 600.0
338.099687500042 77744 38305 7332 1803 600.0 600.0
338.106631944422 77444 38186 7352 1705 600.0 600.0
338.113576388918 77696 38454 7314 1627 600.0 600.0
338.120520833298 77407 38140 7205 1677 600.0 600.0
338.127465277794 51266 25301 4959 1107 600.0 397.0
338.134409722174 76951 37871 7338 1684 600.0 600.0
338.141354166670 77372 38360 7209 1707 600.0 600.0
338.148298611166 77405 38460 7335 1615 600.0 600.0
338.155243055546 76949 38234 7366 1665 600.0 600.0
338.162187500042 77076 38683 7366 1625 600.0 600.0
338.169131944422 77199 38452 7317 1632 600.0 600.0
338.176076388918 76973 38234 7116 1688 600.0 600.0
338.183020833298 77085 38524 7321 1643 600.0 600.0
338.189965277794 76869 38382 7295 1717 600.0 600.0
338.196909722174 77479 38345 7249 1715 600.0 600.0
338.203854166670 76974 38560 7420 1718 600.0 600.0
338.210798611166 76786 38598 7348 1707 600.0 600.0
338.217743055546 76806 38680 7350 1658 600.0 600.0
338.224687500042 77149 38876 7571 1673 600.0 600.0
338.231631944422 76548 38696 7396 1674 600.0 600.0
338.238576388918 77009 38682 7324 1721 600.0 600.0
338.245520833298 76968 38504 7279 1697 600.0 600.0
338.252465277794 51425 25639 4856 1117 600.0 396.0
338.259409722174 76832 38560 7421 1697 600.0 600.0
338.266354166670 77657 38733 7372 1688 600.0 600.0
338.273298611166 77680 38620 7291 1722 600.0 600.0
338.280243055546 76569 38437 7275 1782 600.0 600.0
338.287187500042 76808 38547 7313 1741 600.0 600.0
338.296261574025 60067 30271 5737 1368 784.0 469.0
338.303206018521 77251 38209 7237 1720 600.0 600.0
338.310150463018 76297 38477 7136 1722 600.0 600.0
338.317094907397 76563 38474 7372 1677 600.0 600.0
338.324039351894 76989 39011 7340 1717 600.0 600.0
338.330983796273 76534 38589 7343 1723 600.0 600.0
338.337928240770 77164 38653 7424 1608 600.0 600.0
338.344872685149 77003 38627 7268 1683 600.0 600.0
338.351817129645 76720 38141 7296 1707 600.0 600.0
338.358761574025 76747 38543 7286 1701 600.0 600.0
338.365706018521 76779 38397 7310 1685 600.0 600.0
338.372650463018 76502 38395 7309 1691 600.0 600.0
338.379594907397 50314 25192 4839 1151 600.0 393.0
338.386539351894 76790 38493 7298 1648 600.0 600.0
338.393483796273 76581 38916 7285 1698 600.0 600.0
338.400428240770 77307 38626 7191 1684 600.0 600.0
338.407372685149 77237 38341 7292 1667 600.0 600.0
338.414317129645 77950 38281 7330 1682 600.0 600.0
338.421261574025 77967 38458 7363 1693 600.0 600.0
338.428206018521 77823 38746 7422 1668 600.0 600.0
338.435150463018 76896 38156 7195 1662 600.0 600.0
338.442094907397 77721 38609 7432 1623 600.0 600.0
338.449039351894 77265 38331 7323 1610 600.0 600.0
338.455983796273 77198 38142 7224 1664 600.0 600.0
338.462928240770 77551 38698 7446 1710 600.0 600.0
338.469872685149 77341 38451 7327 1641 600.0 600.0
338.476817129645 77534 38415 7495 1597 600.0 600.0
338.483761574025 77506 38350 7465 1599 600.0 600.0
338.490706018521 77877 38721 7565 1592 600.0 600.0
338.497650463018 77308 38454 7386 1569 600.0 600.0
338.504594907397 51310 25462 4836 1066 600.0 396.0
338.511539351894 77206 38263 7303 1644 600.0 600.0
338.518483796273 77993 38197 7492 1593 600.0 600.0
338.525428240770 78032 38499 7412 1671 600.0 600.0
338.532372685149 77193 37899 7212 1644 600.0 600.0
338.539317129645 77706 38347 7361 1583 600.0 600.0
338.546261574025 77936 38309 7307 1595 600.0 600.0
338.553206018521 77937 38199 7310 1639 600.0 600.0
338.560150463018 77473 38483 7318 1569 600.0 600.0
338.567094907397 77629 38581 7398 1592 600.0 600.0
338.574039351894 77452 38187 7334 1674 600.0 600.0
338.580983796273 77792 38330 7376 1678 600.0 600.0
338.587928240770 77833 38051 7143 1594 600.0 600.0
338.594872685149 77852 38149 7356 1619 600.0 600.0
338.601817129645 78248 38010 7230 1600 600.0 600.0
338.608761574025 78538 38336 7441 1660 600.0 600.0
338.615706018521 78269 38310 7384 1634 600.0 600.0
338.622650463018 77850 38404 7471 1580 600.0 600.0
338.629594907397 51500 25437 4930 1111 600.0 395.0
338.636539351894 77985 38271 7365 1520 600.0 600.0
338.643483796273 76078 37202 7232 1641 600.0 584.0
338.650428240770 78178 38310 7335 1619 600.0 600.0
338.657372685149 77754 38313 7212 1580 600.0 600.0
338.664317129645 76890 38197 7260 1616 600.0 600.0
338.671261574025 75710 37711 7270 1560 600.0 585.0
338.678206018521 77656 38260 7276 1642 600.0 601.0
338.685150463018 77722 38538 7468 1561 600.0 600.0
338.692094907397 78457 39082 7361 1634 600.0 600.0
338.699039351894 77547 38414 7365 1674 600.0 600.0
338.705983796273 77349 38409 7228 1548 600.0 600.0
338.712928240770 77833 38632 7440 1596 600.0 600.0
338.719872685149 78016 38324 7301 1655 600.0 600.0
338.726817129645 77976 38218 7453 1664 600.0 600.0
338.735497685149 56488 27980 5275 1151 750.0 436.0
338.742442129645 77255 38428 7530 1576 600.0 600.0
338.749386574025 78240 38605 7566 1593 600.0 600.0
338.756331018521 51967 25533 4858 1009 600.0 398.0
338.763275463018 78081 38200 7366 1697 600.0 600.0
338.770219907397 77465 38085 7341 1698 600.0 600.0
338.777164351894 77998 38090 7209 1613 600.0 600.0
338.784108796273 77703 38040 7289 1637 600.0 600.0
338.791053240770 78379 38743 7330 1573 600.0 600.0
338.797997685149 77545 38416 7415 1617 600.0 600.0
338.804942129645 77952 38409 7434 1646 600.0 600.0
338.811886574025 77885 38231 7385 1683 600.0 600.0
338.818831018521 77987 38556 7441 1621 600.0 600.0
338.825775463018 77851 38170 7403 1619 600.0 600.0
338.832719907397 77198 38335 7549 1626 600.0 600.0
338.839664351894 78353 38592 7343 1698 600.0 600.0
338.846608796273 78111 38258 7319 1642 600.0 600.0
338.853553240770 78413 38519 7443 1692 600.0 600.0
338.860497685149 78416 38302 7355 1648 600.0 600.0
338.867442129645 38530 18573 3706 814 600.0 295.0
338.874386574025 78628 38299 7458 1550 600.0 600.0
338.881331018521 51251 25299 5072 1023 600.0 396.0
