-180.0000 1921.0000
-179.0000 1813.0000
-178.0000 1744.0000
-177.0000 2000.0000
-176.0000 2180.0000
-175.0000 2599.0000
-174.0000 3517.0000
-173.0000 4686.0000
-172.0000 8325.0000
-171.0000 17143.0000
-170.0000 50833.0000
-169.0000 146289.0000
-168.0000 307807.0000
-167.0000 542194.0000
-166.0000 816277.0000
-165.0000 1875846.0000
-164.0000 4264825.0000
-163.0000 6201603.0000
-162.0000 9097282.0000
-161.0000 10213007.0000
-160.0000 10492001.0000
-159.0000 9896600.0000
-158.0000 8716067.0000
-157.0000 9770728.0000
-156.0000 9686517.0000
-155.0000 8715698.0000
-154.0000 5754536.0000
-153.0000 2631091.0000
-152.0000 1206308.0000
-151.0000 264941.0000
-150.0000 56066.0000
-149.0000 13009.0000
-148.0000 3628.0000
-147.0000 2036.0000
-146.0000 1330.0000
-145.0000 1039.0000
-144.0000 714.0000
-143.0000 514.0000
-142.0000 579.0000
-141.0000 528.0000
-140.0000 0.0000
