0.0000 14461.0000
2.0455 6693414.0000
4.0909 9849.0000
6.1364 24757.0000
8.1818 6447789.0000
10.2273 858224.0000
12.2727 708949.0000
14.3182 2225920.0000
16.3636 7263900.0000
18.4091 877993.0000
20.4545 2241142.0000
22.5000 10191517.0000
24.5455 5939933.0000
26.5909 11006629.0000
28.6364 3761091.0000
30.6818 3727844.0000
32.7273 3730161.0000
34.7727 4689940.0000
36.8182 3106168.0000
38.8636 6025163.0000
40.9091 5911000.0000
42.9545 2287259.0000
45.0000 2260902.0000
47.0455 3861547.0000
49.0909 1743926.0000
51.1364 1498691.0000
53.1818 1317115.0000
55.2273 900242.0000
57.2727 848439.0000
59.3182 365559.0000
61.3636 321560.0000
63.4091 204055.0000
65.4545 63919.0000
67.5000 40021.0000
69.5455 6042.0000
71.5909 427.0000
73.6364 0.0000
75.6818 0.0000
77.7273 0.0000
79.7727 0.0000
81.8182 0.0000
83.8636 0.0000
85.9091 0.0000
87.9545 0.0000
90.0000 0.0000
