-180.0000 3568.0000
-179.0000 3714.0000
-178.0000 3837.0000
-177.0000 4603.0000
-176.0000 6342.0000
-175.0000 10266.0000
-174.0000 20798.0000
-173.0000 48254.0000
-172.0000 134177.0000
-171.0000 322150.0000
-170.0000 523205.0000
-169.0000 681616.0000
-168.0000 880169.0000
-167.0000 1646364.0000
-166.0000 3563008.0000
-165.0000 6386073.0000
-164.0000 8860880.0000
-163.0000 9731239.0000
-162.0000 9764853.0000
-161.0000 9774545.0000
-160.0000 9659707.0000
-159.0000 9612115.0000
-158.0000 9159523.0000
-157.0000 8352213.0000
-156.0000 6530267.0000
-155.0000 3803769.0000
-154.0000 1417639.0000
-153.0000 206206.0000
-152.0000 5066.0000
-151.0000 121.0000
-150.0000 30.0000
-149.0000 19.0000
-148.0000 6.0000
-147.0000 2.0000
-146.0000 2.0000
-145.0000 3.0000
-144.0000 0.0000
-143.0000 1.0000
-142.0000 0.0000
-141.0000 3.0000
-140.0000 0.0000
