38055 20936 17119
38499 21040 17459
38065 21020 17045
38176 20886 17290
38134 21057 17077
38140 21037 17103
38380 20808 17572
37941 21048 16893
38312 20909 17403
38376 21150 17226
38648 21273 17375
38666 21266 17400
38550 21084 17466
38446 21105 17341
38389 21073 17316
38156 21070 17086
38271 21062 17209
25233 13914 11319
38971 21433 17538
38495 21176 17319
38104 20958 17146
38662 21317 17345
38579 21146 17433
38428 20944 17484
38468 21208 17260
38425 21056 17369
39116 21636 17480
38715 21170 17545
38384 21180 17204
38554 21411 17143
38897 21380 17517
38945 21505 17440
38353 21106 17247
38843 21515 17328
38666 21126 17540
25625 14108 11517
38360 21028 17332
38583 21361 17222
38835 21445 17390
38593 21227 17366
38523 21316 17207
38371 21022 17349
38405 21345 17060
38916 21376 17540
38604 21319 17285
38769 21363 17406
38461 21085 17376
38630 21168 17462
38919 21258 17661
38752 21300 17452
38875 21270 17605
39351 21477 17874
38609 21352 17257
25430 14120 11310
38872 21229 17643
39176 21547 17629
38531 21168 17363
39062 21528 17534
39309 21569 17740
38515 21183 17332
38780 21368 17412
39222 21572 17650
38640 21264 17376
38244 21093 17151
38848 21120 17728
38759 21342 17417
39058 21518 17540
39245 21588 17657
38874 21533 17341
39108 21510 17598
38749 21248 17501
25697 14046 11651
39191 21670 17521
38477 21313 17164
38088 20929 17159
38643 21503 17140
38673 21086 17587
38856 21556 17300
39147 21438 17709
38807 21272 17535
39344 21530 17814
39153 21304 17849
39106 21518 17588
39401 21683 17718
39359 21532 17827
39165 21449 17716
39397 21522 17875
39317 21483 17834
39835 21807 18028
26191 14354 11837
40224 22073 18151
39595 21731 17864
39142 21436 17706
39216 21607 17609
39114 21404 17710
39173 21477 17696
39928 21897 18031
39236 21543 17693
39692 21688 18004
39272 21518 17754
39368 21526 17842
39328 21669 17659
39872 21934 17938
39397 21458 17939
39673 21812 17861
39093 21481 17612
39703 21832 17871
25914 14095 11819
39788 21664 18124
39626 21530 18096
39597 21784 17813
39494 21629 17865
39529 21714 17815
39425 21652 17773
39403 21607 17796
39370 21578 17792
39557 21632 17925
39181 21302 17879
39328 21496 17832
39021 21375 17646
39169 21542 17627
39168 21315 17853
38886 21274 17612
39037 21617 17420
38988 21390 17598
25839 14218 11621
39277 21415 17862
39416 21609 17807
39208 21372 17836
39747 21571 18176
39161 21361 17800
39299 21575 17724
38822 21325 17497
39176 21391 17785
38993 21477 17516
39214 21439 17775
39563 21732 17831
39389 21503 17886
39189 21573 17616
39191 21536 17655
39225 21327 17898
39084 21244 17840
38994 21352 17642
25925 14203 11722
39355 21489 17866
39404 21476 17928
39701 21867 17834
39138 21345 17793
39238 21504 17734
39295 21547 17748
39885 21760 18125
39289 21347 17942
39272 21554 17718
39742 21619 18123
39654 21567 18087
39703 21629 18074
39378 21511 17867
39919 21687 18232
39985 21642 18343
40082 21912 18170
39720 21639 18081
26200 14254 11946
39978 21885 18093
39959 21669 18290
39862 21756 18106
39771 21720 18051
40066 21833 18233
39926 21616 18310
39923 21734 18189
40260 21824 18436
40040 21774 18266
40371 21879 18492
39820 21703 18117
39833 21720 18113
40033 21785 18248
40009 21820 18189
40025 21880 18145
40051 21758 18293
39885 21679 18206
26588 14376 12212
40063 21830 18233
40106 21771 18335
40057 21859 18198
40254 21734 18520
39703 21707 17996
40010 21836 18174
40417 21760 18657
40160 21837 18323
40033 21604 18429
39513 21351 18162
40288 21872 18416
40318 21748 18570
39958 21693 18265
40577 22117 18460
40472 22032 18440
40129 21809 18320
40038 21836 18202
26864 14733 12131
39902 21811 18091
40066 21803 18263
40238 21748 18490
40284 21931 18353
39914 21861 18053
39568 21575 17993
39560 21442 18118
40083 21659 18424
40290 21994 18296
40287 21919 18368
40196 21902 18294
39581 21484 18097
40206 21899 18307
40159 21901 18258
39967 21870 18097
40149 21808 18341
39716 21578 18138
26424 14256 12168
40212 21854 18358
40402 21997 18405
40529 22137 18392
40323 21832 18491
40822 22076 18746
40413 21702 18711
40317 21916 18401
40346 21757 18589
40410 21966 18444
40426 21788 18638
40603 21946 18657
40448 21745 18703
40157 21822 18335
39952 21534 18418
40148 21933 18215
40461 21830 18631
40507 21889 18618
26858 14656 12202
40232 21885 18347
40586 21953 18633
40830 22166 18664
40537 22104 18433
40483 22096 18387
40362 21983 18379
40052 21677 18375
40336 21927 18409
40621 22158 18463
40167 21816 18351
40396 21997 18399
40737 22188 18549
40443 21982 18461
40982 22117 18865
40638 22053 18585
40883 22052 18831
40323 22004 18319
26410 14241 12169
40617 22032 18585
40324 21871 18453
40373 21889 18484
40439 21828 18611
40577 22024 18553
40570 22150 18420
40612 21908 18704
40754 22132 18622
40124 21841 18283
40126 21597 18529
40419 21784 18635
40540 21951 18589
40403 22027 18376
41008 21935 19073
40911 21963 18948
40969 22063 18906
40734 22090 18644
26633 14318 12315
40887 22186 18701
41102 22131 18971
41165 22220 18945
41094 22229 18865
40804 21972 18832
40920 21990 18930
41111 21931 19180
40966 21844 19122
41090 22301 18789
41119 22152 18967
40892 22014 18878
41130 22164 18966
41251 22224 19027
41160 22222 18938
40910 21935 18975
40965 21959 19006
41238 22330 18908
26815 14400 12415
41097 22129 18968
40699 21873 18826
41163 22124 19039
41004 22150 18854
40800 21975 18825
41268 22146 19122
40745 22023 18722
40958 22050 18908
41147 22128 19019
40963 22140 18823
40759 21933 18826
40996 22123 18873
40557 21929 18628
41035 22167 18868
41253 22293 18960
40493 21669 18824
40967 22096 18871
26880 14507 12373
40424 21775 18649
40794 21924 18870
41305 22295 19010
40721 21985 18736
41104 22127 18977
40828 22183 18645
41019 22076 18943
40802 22009 18793
40869 22046 18823
41072 22132 18940
40710 21949 18761
40715 21949 18766
40862 21937 18925
40647 21981 18666
40497 21916 18581
40740 22102 18638
40458 21837 18621
26875 14481 12394
40740 21879 18861
40175 21607 18568
40551 21879 18672
40867 22111 18756
40552 22056 18496
40167 21826 18341
40395 21753 18642
40102 21659 18443
40288 21849 18439
40761 22117 18644
40404 21766 18638
40271 21738 18533
40210 21799 18411
40562 22169 18393
40678 22052 18626
40744 22118 18626
40116 21697 18419
26849 14581 12268
40481 21934 18547
40085 21710 18375
39943 21752 18191
40151 21849 18302
39873 21770 18103
39865 21670 18195
40162 21805 18357
39546 21499 18047
39913 21650 18263
40081 21784 18297
39705 21443 18262
39583 21448 18135
39898 21472 18426
40175 21533 18642
40190 21432 18758
40044 21763 18281
39980 21644 18336
25968 14186 11782
39684 21476 18208
39903 21698 18205
40185 21884 18301
39875 21543 18332
39692 21371 18321
39890 21720 18170
39829 21633 18196
39817 21601 18216
39768 21560 18208
39763 21373 18390
39677 21506 18171
40342 21807 18535
39716 21369 18347
39572 21301 18271
39608 21398 18210
39717 21519 18198
39623 21421 18202
25983 14058 11925
39455 21467 17988
39811 21643 18168
39557 21429 18128
39933 21524 18409
39637 21433 18204
39755 21531 18224
39664 21470 18194
39775 21372 18403
39711 21470 18241
39681 21617 18064
39931 21555 18376
39478 21549 17929
39135 21235 17900
39166 21330 17836
39269 21174 18095
39772 21394 18378
39752 21418 18334
25911 13942 11969
39330 21227 18103
39498 21348 18150
39170 21419 17751
39407 21343 18064
39610 21474 18136
39225 21435 17790
38827 20923 17904
39268 21093 18175
39398 21496 17902
38992 21397 17595
38962 21218 17744
38847 21103 17744
39063 21209 17854
39084 21104 17980
39176 21391 17785
38959 21284 17675
39144 21296 17848
25546 13902 11644
39314 21520 17794
38876 21127 17749
39245 21189 18056
38788 21048 17740
38981 21090 17891
38999 21142 17857
38899 21082 17817
39057 21439 17618
39090 21199 17891
38677 21049 17628
39221 21402 17819
39017 21227 17790
39204 21081 18123
39010 21080 17930
38996 21116 17880
39068 21223 17845
38815 21173 17642
25583 13876 11707
39024 21233 17791
38706 20919 17787
38779 21093 17686
39081 21192 17889
38806 21190 17616
38817 21145 17672
38246 20827 17419
38787 21079 17708
38851 20984 17867
38895 21314 17581
38988 21139 17849
39008 21162 17846
39072 21178 17894
39128 21159 17969
38898 21054 17844
38667 21039 17628
38563 20865 17698
26034 14048 11986
38515 20918 17597
38462 20702 17760
38721 21163 17558
38533 21087 17446
39022 21232 17790
38947 21201 17746
38696 21002 17694
38489 20993 17496
38694 21010 17684
38332 20664 17668
38450 20836 17614
38373 20873 17500
38659 21109 17550
38788 20900 17888
38367 20868 17499
19045 10297 8748
38753 21065 17688
25613 14048 11565
38698 20996 17702
38605 20878 17727
38384 20841 17543
38560 21007 17553
38300 20681 17619
38410 20912 17498
37929 20579 17350
38510 20844 17666
38173 20798 17375
38204 20897 17307
38544 21020 17524
38782 21014 17768
37839 20557 17282
38172 20963 17209
37813 20483 17330
38516 21028 17488
38645 21054 17591
25161 13656 11505
38204 20714 17490
38454 20937 17517
38313 20847 17466
38099 20557 17542
38540 21034 17506
37954 20813 17141
38077 20636 17441
37863 20600 17263
37925 20454 17471
37922 20679 17243
38120 20886 17234
38327 20862 17465
37985 20627 17358
38173 20700 17473
37965 20780 17185
37999 20594 17405
37616 20479 17137
24995 13553 11442
38044 20746 17298
37878 20415 17463
37892 20436 17456
37639 20546 17093
37571 20258 17313
37899 20524 17375
38028 20778 17250
37818 20581 17237
37971 20791 17180
37903 20717 17186
37813 20606 17207
38167 20797 17370
37694 20572 17122
37950 20665 17285
37609 20458 17151
37845 20703 17142
37735 20469 17266
25404 13868 11536
37609 20396 17213
37225 20168 17057
37544 20412 17132
37754 20632 17122
37739 20410 17329
37621 20410 17211
37789 20662 17127
37591 20551 17040
37123 20248 16875
34587 19176 15411
36867 20175 16692
36990 20303 16687
37190 20417 16773
37790 20648 17142
37754 20487 17267
37556 20527 17029
37359 20510 16849
24998 13609 11389
37642 20747 16895
37308 20436 16872
37307 20295 17012
37597 20462 17135
37631 20553 17078
37357 20278 17079
36811 20139 16672
37006 20151 16855
37203 20349 16854
37321 20532 16789
37301 20204 17097
37339 20303 17036
37672 20518 17154
36913 20016 16897
36850 20158 16692
36987 20155 16832
37220 20301 16919
24218 13193 11025
36542 19944 16598
36963 20246 16717
37271 20427 16844
36911 20271 16640
36948 20282 16666
37189 20423 16766
36732 20099 16633
37179 20385 16794
36818 20398 16420
36649 20035 16614
36995 20107 16888
36883 20158 16725
36974 20139 16835
37057 20454 16603
36590 19935 16655
36445 20115 16330
36422 19840 16582
24019 13253 10766
36512 19874 16638
36417 19884 16533
36573 20296 16277
36757 20019 16738
36520 20189 16331
36715 20225 16490
36643 20151 16492
36642 20121 16521
36825 20355 16470
36620 19899 16721
36671 19983 16688
36953 20392 16561
36322 19666 16656
36803 20094 16709
36788 20230 16558
36842 20320 16522
36481 19959 16522
23953 13259 10694
36529 19829 16700
36229 19759 16470
36399 19918 16481
36613 19893 16720
36506 20096 16410
36619 20108 16511
36803 20164 16639
36478 19941 16537
36430 20057 16373
36646 20019 16627
36650 19972 16678
36414 19931 16483
36379 19954 16425
36766 19958 16808
36350 20050 16300
36286 19960 16326
36663 20202 16461
24009 13187 10822
36557 19838 16719
36487 19927 16560
36535 19786 16749
36621 20075 16546
36106 19696 16410
36169 19896 16273
36303 19923 16380
36340 19915 16425
36291 20076 16215
36654 20056 16598
36211 19875 16336
36307 20064 16243
36394 19848 16546
36455 19962 16493
36453 20147 16306
36501 19849 16652
36706 20112 16594
23777 13004 10773
36562 20005 16557
36496 19899 16597
36085 19705 16380
36326 19823 16503
36336 19927 16409
35988 19775 16213
35745 19754 15991
36138 19752 16386
36162 19779 16383
36248 19664 16584
35769 19592 16177
35607 19643 15964
35726 19638 16088
36537 20072 16465
35917 19721 16196
35922 19550 16372
36009 19688 16321
23682 12870 10812
35869 19585 16284
35960 19693 16267
35840 19719 16121
36042 19680 16362
36378 19930 16448
36144 19737 16407
35684 19538 16146
35580 19626 15954
35435 19366 16069
35974 19596 16378
36111 19786 16325
35675 19462 16213
36239 19808 16431
36613 19896 16717
36306 19655 16651
35725 19537 16188
36124 19769 16355
23426 12874 10552
36166 19634 16532
35796 19646 16150
35728 19569 16159
36017 19711 16306
36013 19881 16132
35890 19652 16238
35617 19625 15992
35822 19709 16113
35839 19682 16157
35832 19724 16108
36175 19671 16504
35908 19665 16243
35874 19662 16212
36086 19783 16303
36048 19749 16299
35903 19716 16187
35724 19566 16158
23778 13171 10607
35711 19441 16270
35857 19772 16085
35648 19590 16058
35853 19710 16143
35714 19443 16271
35916 19666 16250
35969 19645 16324
35946 19638 16308
35847 19532 16315
35620 19277 16343
35490 19573 15917
35543 19525 16018
35642 19456 16186
35874 19757 16117
35469 19455 16014
35458 19411 16047
35739 19530 16209
23572 12897 10675
35627 19519 16108
35695 19556 16139
35604 19480 16124
35715 19754 15961
35588 19501 16087
35552 19373 16179
35528 19605 15923
35756 19594 16162
35795 19676 16119
35763 19607 16156
35595 19338 16257
35365 19389 15976
35588 19499 16089
35916 19705 16211
35690 19460 16230
35882 19621 16261
35562 19518 16044
23269 12658 10611
35400 19452 15948
35812 19631 16181
35659 19405 16254
35821 19689 16132
35577 19337 16240
35797 19587 16210
35263 19372 15891
35333 19271 16062
35356 19375 15981
35721 19691 16030
35294 19256 16038
35549 19519 16030
35243 19390 15853
35506 19368 16138
35613 19427 16186
35624 19559 16065
35737 19594 16143
23433 12785 10648
35632 19342 16290
35783 19548 16235
35834 19588 16246
35909 19503 16406
35898 19640 16258
35485 19265 16220
35720 19554 16166
35734 19599 16135
35504 19501 16003
35622 19363 16259
35483 19329 16154
35244 19464 15780
35613 19541 16072
35650 19408 16242
35585 19540 16045
35752 19708 16044
35693 19601 16092
22900 12362 10538
35628 19440 16188
35707 19489 16218
35850 19695 16155
35365 19303 16062
35568 19411 16157
36057 19727 16330
36245 19788 16457
35471 19335 16136
35517 19504 16013
35723 19347 16376
35719 19554 16165
35747 19654 16093
35938 19680 16258
35638 19634 16004
35419 19415 16004
35462 19180 16282
34982 19024 15958
22988 12672 10316
35143 19275 15868
35739 19412 16327
35327 19250 16077
35961 19529 16432
35591 19493 16098
35597 19424 16173
35603 19385 16218
35168 19374 15794
35067 19181 15886
35545 19466 16079
35494 19250 16244
35437 19478 15959
35340 19382 15958
35239 19223 16016
35986 19709 16277
35366 19243 16123
35445 19313 16132
23464 12932 10532
35541 19418 16123
35396 19532 15864
35481 19587 15894
35655 19292 16363
35195 19169 16026
35713 19493 16220
35474 19438 16036
35634 19498 16136
35170 19066 16104
35496 19377 16119
35415 19386 16029
35772 19557 16215
35275 19342 15933
35780 19774 16006
35669 19535 16134
35193 19147 16046
35807 19512 16295
23549 12876 10673
35955 19692 16263
35722 19518 16204
35653 19587 16066
35558 19445 16113
35873 19811 16062
35339 19457 15882
35616 19450 16166
35663 19382 16281
35657 19496 16161
35938 19729 16209
35776 19427 16349
35747 19529 16218
35528 19561 15967
35763 19613 16150
35732 19627 16105
35560 19503 16057
35023 19219 15804
23512 12884 10628
35589 19467 16122
35341 19302 16039
35480 19248 16232
35125 19287 15838
35258 19115 16143
34879 19047 15832
35571 19439 16132
35278 19260 16018
35221 19194 16027
35545 19357 16188
35274 19204 16070
35215 19457 15758
34955 19247 15708
35204 19353 15851
34813 19175 15638
35072 19343 15729
35108 19186 15922
22955 12442 10513
35393 19401 15992
35194 19275 15919
35254 19193 16061
35019 19124 15895
35424 19420 16004
35019 19238 15781
35142 19163 15979
35023 19130 15893
34907 19094 15813
35180 19275 15905
34907 19153 15754
35195 18995 16200
34984 19213 15771
35202 19120 16082
35033 19261 15772
35131 19237 15894
35340 19364 15976
22947 12379 10568
35011 19086 15925
35055 19147 15908
35137 19271 15866
35121 19269 15852
35269 19255 16014
34927 19173 15754
34776 18801 15975
34913 19222 15691
34994 19215 15779
35030 19151 15879
35362 19386 15976
35123 19251 15872
34604 18801 15803
34825 19293 15532
35079 19251 15828
34926 19214 15712
35057 19301 15756
23114 12729 10385
35051 19199 15852
35137 19151 15986
35096 19156 15940
35182 19245 15937
35395 19274 16121
35292 19295 15997
35344 19219 16125
34896 19350 15546
35111 19288 15823
34616 18895 15721
34973 19060 15913
35411 19432 15979
34652 19017 15635
35485 19444 16041
35133 19019 16114
35292 19278 16014
34950 19098 15852
23214 12614 10600
35335 19336 15999
35363 19415 15948
35424 19471 15953
35365 19311 16054
35260 19378 15882
35614 19547 16067
35421 19374 16047
34981 19316 15665
34917 19023 15894
35102 19204 15898
34956 19028 15928
34747 18883 15864
35050 19156 15894
35239 19482 15757
35175 19323 15852
35304 19338 15966
35139 19354 15785
23054 12633 10421
34942 19028 15914
35408 19248 16160
35332 19226 16106
35281 19178 16103
34412 18871 15541
34879 19027 15852
35103 19248 15855
34804 19170 15634
35121 19085 16036
35011 19107 15904
34755 19196 15559
34574 19143 15431
34889 19051 15838
34656 18860 15796
34912 19140 15772
34780 19235 15545
34578 18883 15695
23115 12604 10511
35067 19248 15819
35196 19059 16137
34958 19219 15739
34776 19149 15627
34989 19187 15802
35211 19265 15946
34814 19057 15757
34918 19236 15682
35175 19108 16067
35317 19258 16059
34931 19249 15682
34756 18931 15825
35092 19034 16058
34771 19098 15673
34471 18948 15523
34648 18847 15801
34889 19093 15796
22952 12560 10392
35540 19432 16108
35348 19375 15973
34886 19194 15692
34699 18938 15761
34939 19166 15773
34805 18895 15910
35556 19307 16249
35211 19266 15945
35058 19127 15931
34566 18918 15648
35208 19203 16005
35143 19334 15809
34974 19163 15811
34626 18927 15699
34927 19213 15714
34590 18924 15666
34899 19147 15752
23324 12802 10522
34980 19093 15887
35215 19288 15927
34529 18931 15598
34874 19070 15804
34809 18983 15826
34922 19211 15711
35052 19345 15707
35161 19216 15945
34382 18935 15447
34863 19232 15631
35017 19077 15940
34453 18890 15563
34532 19156 15376
34958 18940 16018
34940 19026 15914
34732 18889 15843
34965 18926 16039
22815 12447 10368
34740 18974 15766
34524 18982 15542
34576 18967 15609
34553 18777 15776
34787 18995 15792
34465 18937 15528
34411 18711 15700
34337 18827 15510
34338 18726 15612
34699 18907 15792
34796 19121 15675
34722 19054 15668
34525 18895 15630
34617 18929 15688
34331 18770 15561
34817 18940 15877
34499 18920 15579
22818 12566 10252
34502 18937 15565
34387 18843 15544
34021 18595 15426
34406 18913 15493
34725 18912 15813
34204 18687 15517
34761 18960 15801
34690 18901 15789
34404 18877 15527
34605 18970 15635
34447 18910 15537
34239 18948 15291
34424 18981 15443
34424 18817 15607
34831 19069 15762
34812 19061 15751
34819 18963 15856
22957 12565 10392
34917 19137 15780
34713 18905 15808
34960 18959 16001
34203 18701 15502
34607 18962 15645
34693 19157 15536
35052 19106 15946
34697 18981 15716
34557 18782 15775
34885 19294 15591
34729 19075 15654
34523 18979 15544
34638 19128 15510
34582 18997 15585
34694 19169 15525
34357 18803 15554
34749 18986 15763
22791 12492 10299
34530 19041 15489
34738 19093 15645
34525 18807 15718
34520 18897 15623
34757 19140 15617
35032 19161 15871
34673 19066 15607
34834 18928 15906
34852 19205 15647
34612 18868 15744
35038 19328 15710
34989 19077 15912
34849 18923 15926
34791 19128 15663
34723 19018 15705
34585 18940 15645
34373 18978 15395
22786 12483 10303
34747 19005 15742
34649 18980 15669
34479 18944 15535
34504 18897 15607
34240 18773 15467
34614 18896 15718
34801 19015 15786
34531 19065 15466
34745 19006 15739
34952 19221 15731
34325 18874 15451
34553 18927 15626
34429 18782 15647
34724 18913 15811
34753 18945 15808
34634 18907 15727
33876 18702 15174
22471 12459 10012
35019 19143 15876
34902 19045 15857
34903 19264 15639
34771 19033 15738
34580 18704 15876
34705 19088 15617
34787 19140 15647
34348 18711 15637
34098 18799 15299
34099 18605 15494
34523 18860 15663
34443 19004 15439
34463 18884 15579
35105 19220 15885
34590 19077 15513
34785 18993 15792
34612 18990 15622
22673 12322 10351
34690 19122 15568
34611 18950 15661
35009 19297 15712
34595 18943 15652
34847 18999 15848
34741 19175 15566
35029 19135 15894
34973 19186 15787
34570 18966 15604
34957 19208 15749
34839 18937 15902
35225 19245 15980
34953 19003 15950
35136 19212 15924
35079 19169 15910
35341 19291 16050
35522 19394 16128
23231 12673 10558
34765 19120 15645
35130 19276 15854
35310 19243 16067
35468 19366 16102
35049 18951 16098
35279 19248 16031
34323 18672 15651
34543 18735 15808
35098 19284 15814
34528 18924 15604
34664 18912 15752
34615 18822 15793
34441 18898 15543
34531 18785 15746
34725 19157 15568
34276 18611 15665
34527 18924 15603
22529 12352 10177
34822 19018 15804
34649 18996 15653
34317 18691 15626
33987 18687 15300
34588 19018 15570
34659 19039 15620
34669 18846 15823
34735 19131 15604
34331 18754 15577
34502 18907 15595
34224 18581 15643
34378 18865 15513
34595 18789 15806
34339 18802 15537
34589 18986 15603
33988 18602 15386
34076 18567 15509
22681 12494 10187
34513 18911 15602
34413 18955 15458
34918 19239 15679
34685 18989 15696
34685 19091 15594
34311 18911 15400
34423 18657 15766
34263 18753 15510
34213 18744 15469
34729 18942 15787
34408 18765 15643
34434 18955 15479
34824 18961 15863
34575 18768 15807
34442 18956 15486
34696 18959 15737
34651 19021 15630
22955 12407 10548
35237 19136 16101
34835 18936 15899
34727 18963 15764
34606 18986 15620
35263 19368 15895
34899 19188 15711
34581 18825 15756
34720 18797 15923
34980 19060 15920
34702 18972 15730
34353 18596 15757
34825 18938 15887
35222 19249 15973
35159 19256 15903
35060 19174 15886
34777 19150 15627
34656 18940 15716
23111 12615 10496
34599 18984 15615
35105 19249 15856
34809 18987 15822
35207 19207 16000
35020 19258 15762
34992 18971 16021
34592 18831 15761
34708 19003 15705
34576 18897 15679
34786 18940 15846
35245 19197 16048
34674 18954 15720
35049 19151 15898
34794 18981 15813
34767 19074 15693
35050 19210 15840
34826 19030 15796
23014 12514 10500
35166 19132 16034
34895 18949 15946
34943 19007 15936
34897 19122 15775
34801 18964 15837
34420 18984 15436
34740 19020 15720
34906 19120 15786
35046 19115 15931
34955 19156 15799
34609 18960 15649
34456 18860 15596
34901 19148 15753
34606 18778 15828
34820 19097 15723
34730 18972 15758
34672 18771 15901
22777 12343 10434
34940 19118 15822
35150 19325 15825
34885 19095 15790
34387 18621 15766
34909 19096 15813
34506 18922 15584
34797 19111 15686
35230 19187 16043
35308 19259 16049
34551 18834 15717
35167 19263 15904
34851 18748 16103
35272 19347 15925
35153 18951 16202
35239 19149 16090
35369 19429 15940
35509 19230 16279
23467 12768 10699
35239 19207 16032
35212 19117 16095
35123 19275 15848
35166 19019 16147
35501 19293 16208
35072 19245 15827
35348 19313 16035
35370 19265 16105
35500 19465 16035
35772 19417 16355
35442 19159 16283
35575 19280 16295
35420 19394 16026
34999 19007 15992
35397 19253 16144
35659 19416 16243
35473 19351 16122
23034 12564 10470
35393 19223 16170
35104 19107 15997
35582 19341 16241
35370 19216 16154
35261 19261 16000
35544 19255 16289
35459 19287 16172
34814 19002 15812
35110 19064 16046
35120 19142 15978
35054 19146 15908
35103 19164 15939
34832 19118 15714
35151 19282 15869
35402 19249 16153
35167 19237 15930
34887 19079 15808
23091 12629 10462
35203 19084 16119
34911 19106 15805
34879 19012 15867
35247 19323 15924
34522 18892 15630
34806 19186 15620
34584 18945 15639
34615 19004 15611
34824 19206 15618
35087 19147 15940
34975 19139 15836
34923 19130 15793
34761 18977 15784
34998 19079 15919
35070 19236 15834
35291 19242 16049
34749 19257 15492
22590 12314 10276
34600 19040 15560
34933 19243 15690
34803 19073 15730
34339 18896 15443
35068 19128 15940
34905 19012 15893
34684 18914 15770
34997 19099 15898
34951 19075 15876
35086 19234 15852
34798 19088 15710
34862 19072 15790
35322 19461 15861
34903 19032 15871
35179 19376 15803
33795 18610 15185
33856 18756 15100
22373 12280 10093
34733 19144 15589
34793 19078 15715
34960 18971 15989
35015 19268 15747
35134 19155 15979
35128 19349 15779
34710 19045 15665
35067 19127 15940
35098 19159 15939
34871 18943 15928
35380 19362 16018
35168 19287 15881
34707 19095 15612
34626 19251 15375
34845 19088 15757
34717 19106 15611
35041 19295 15746
23041 12701 10340
34778 19190 15588
34334 19111 15223
34376 18888 15488
34174 18806 15368
34334 18981 15353
33969 18698 15271
34516 18995 15521
34818 19152 15666
34667 19051 15616
35129 19328 15801
35463 19374 16089
35526 19474 16052
35969 19586 16383
36396 19784 16612
35995 19710 16285
36402 19721 16681
35841 19766 16075
23799 12887 10912
35865 19505 16360
35920 19683 16237
35862 19590 16272
35307 19229 16078
35050 19226 15824
34731 18942 15789
34772 19181 15591
34565 18903 15662
34415 18907 15508
34014 18654 15360
34609 19134 15475
34406 18825 15581
34115 18845 15270
34430 18809 15621
34067 18711 15356
34101 18702 15399
34147 18735 15412
22457 12266 10191
35025 19234 15791
35348 19252 16096
35275 19291 15984
35897 19702 16195
35574 19608 15966
35655 19434 16221
36082 19661 16421
36386 19859 16527
36206 19669 16537
35968 19603 16365
35796 19473 16323
35944 19685 16259
35816 19721 16095
35805 19683 16122
35558 19488 16070
35108 19351 15757
35250 19409 15841
22787 12636 10151
34527 18917 15610
34962 19326 15636
35165 19382 15783
34919 19199 15720
34330 18860 15470
34513 19035 15478
34621 19008 15613
34714 19233 15481
34401 18977 15424
34574 19093 15481
34710 19020 15690
34861 19194 15667
36443 20063 16380
36529 19827 16702
36477 19659 16818
36908 20234 16674
36505 19776 16729
23799 12771 11028
35819 19456 16363
36343 19744 16599
36553 19910 16643
36147 19786 16361
36179 19775 16404
36236 19752 16484
35604 19392 16212
35198 19276 15922
35082 19115 15967
34951 19307 15644
35239 19110 16129
34835 19251 15584
34751 19162 15589
34388 18951 15437
34443 18764 15679
34550 18814 15736
35311 19447 15864
23722 12956 10766
36175 19575 16600
36583 19925 16658
36199 19617 16582
36341 19802 16539
36156 19813 16343
36013 19625 16388
35812 19563 16249
35660 19646 16014
35686 19582 16104
35004 19166 15838
35177 19262 15915
35307 19455 15852
34933 19161 15772
34306 19173 15133
34562 18873 15689
34074 18972 15102
34586 18999 15587
34809 19062 15747
34944 19121 15823
35223 19405 15818
35985 19550 16435
36403 19917 16486
36713 20067 16646
36713 19710 17003
35974 19701 16273
36267 19745 16522
35967 19625 16342
35574 19543 16031
35652 19475 16177
35373 19275 16098
35001 19244 15757
35141 19378 15763
34946 19075 15871
35481 19457 16024
23603 13036 10567
35278 19386 15892
35344 19511 15833
35140 19297 15843
35512 19512 16000
35456 19576 15880
34791 19168 15623
35329 19451 15878
35386 19462 15924
35202 19406 15796
34922 19064 15858
35238 19378 15860
35342 19302 16040
35370 19402 15968
36272 19848 16424
36107 19842 16265
17630 9638 7992
36681 20000 16681
24056 12863 11193
37207 20189 17018
36547 19865 16682
36758 19968 16790
36869 19942 16927
36524 19596 16928
36705 19886 16819
36507 20004 16503
36168 19695 16473
35978 19699 16279
36027 19938 16089
36064 19702 16362
35642 19568 16074
35990 19587 16403
35545 19537 16008
35451 19442 16009
35266 19407 15859
35226 19574 15652
23155 12673 10482
35339 19416 15923
35162 19404 15758
35165 19195 15970
35292 19320 15972
35063 19362 15701
34830 18970 15860
35280 19304 15976
34896 19395 15501
34534 18964 15570
34749 18973 15776
34763 19184 15579
35019 19327 15692
35279 19078 16201
35625 19486 16139
35344 19170 16174
35701 19535 16166
35828 19637 16191
23640 12766 10874
35303 19387 15916
35816 19746 16070
35894 19659 16235
36522 19788 16734
37011 20081 16930
36679 19781 16898
36756 20090 16666
36711 19772 16939
37080 19844 17236
36629 19814 16815
36697 19794 16903
36604 19547 17057
36677 19832 16845
36418 19522 16896
36259 19323 16936
36403 19410 16993
36504 19502 17002
24286 12984 11302
36377 19314 17063
36283 19161 17122
36287 19308 16979
36238 19429 16809
36111 19125 16986
35910 19008 16902
36404 19352 17052
35827 19128 16699
35802 19144 16658
36100 19168 16932
36012 19006 17006
36182 19148 17034
35252 18525 16727
35510 18817 16693
35438 18725 16713
35381 18677 16704
35034 18441 16593
23372 12360 11012
35322 18777 16545
34145 18349 15796
34194 18537 15657
35278 19042 16236
35253 18641 16612
35322 18687 16635
35613 18785 16828
36063 18870 17193
35364 18620 16744
34759 18364 16395
34954 18343 16611
35154 18626 16528
34736 18253 16483
33968 17705 16263
32022 16525 15497
28922 14813 14109
24347 12282 12065
13283 6605 6678
14477 7025 7452
10380 4911 5469
7643 3634 4009
5643 2621 3022
4273 1949 2324
3392 1569 1823
2717 1182 1535
2094 931 1163
1691 756 935
1309 525 784
1029 443 586
850 348 502
708 285 423
567 243 324
508 178 330
437 161 276
396 125 271
250 104 146
286 108 178
294 109 185
19684 9676 10008
31768 16511 15257
32551 17271 15280
33389 17808 15581
33420 17658 15762
33397 17624 15773
33375 17704 15671
33400 17375 16025
33394 17791 15603
33598 17676 15922
33176 17510 15666
33384 17633 15751
33262 17544 15718
33413 17626 15787
33307 17690 15617
22141 11811 10330
33625 17674 15951
33418 17457 15961
33437 17654 15783
33182 17501 15681
33231 17440 15791
33633 17706 15927
33512 17895 15617
33618 17703 15915
33606 17654 15952
33211 17512 15699
33251 17553 15698
33017 17567 15450
33456 17714 15742
33540 17632 15908
33371 17584 15787
33871 17660 16211
33639 17678 15961
21998 11455 10543
33312 17610 15702
33336 17568 15768
33288 17559 15729
33484 17600 15884
33634 17956 15678
33418 17610 15808
33443 17615 15828
33429 17464 15965
33439 17675 15764
33404 17540 15864
33821 17847 15974
33692 18002 15690
33320 17582 15738
33375 17667 15708
33970 17941 16029
33879 18026 15853
33519 17907 15612
22243 11712 10531
33419 17706 15713
33205 17585 15620
33496 17658 15838
33401 17683 15718
33621 17855 15766
33202 17507 15695
33423 17561 15862
33892 17837 16055
33679 17717 15962
33477 17603 15874
33690 17949 15741
33593 17740 15853
33564 17823 15741
33445 17726 15719
33274 17633 15641
33641 17907 15734
33435 17658 15777
22131 11707 10424
33785 17996 15789
33109 17590 15519
33337 17535 15802
33601 17787 15814
33714 17993 15721
33551 17632 15919
33431 17657 15774
33402 17571 15831
33704 17803 15901
33666 17726 15940
33415 17729 15686
33302 17551 15751
33435 17493 15942
33454 17509 15945
33535 17645 15890
34079 17953 16126
33419 17473 15946
22184 11666 10518
33382 17501 15881
33592 17666 15926
33475 17564 15911
33267 17528 15739
33769 17652 16117
33074 17269 15805
33249 17332 15917
33175 17345 15830
32962 17128 15834
33240 17374 15866
32709 17074 15635
33019 17375 15644
33472 17279 16193
33609 17479 16130
33009 17322 15687
33061 17248 15813
32989 17262 15727
21688 11403 10285
33059 17238 15821
32956 17316 15640
32910 17128 15782
33073 17287 15786
32725 17165 15560
32690 17110 15580
32651 16957 15694
32527 17083 15444
32595 16849 15746
32709 17092 15617
32893 17242 15651
32488 16873 15615
32504 16936 15568
32877 17098 15779
32661 17040 15621
32562 16926 15636
32485 16942 15543
21121 10945 10176
32709 17050 15659
32382 16789 15593
32625 16855 15770
32020 16545 15475
32265 16755 15510
32151 16768 15383
32375 16806 15569
31933 16632 15301
31994 16577 15417
31974 16542 15432
31573 16389 15184
31955 16760 15195
32372 16952 15420
32176 16673 15503
32505 17005 15500
32220 16789 15431
32408 16957 15451
21541 11263 10278
32016 16769 15247
31996 16814 15182
32062 16786 15276
31912 16521 15391
32132 16740 15392
32540 17043 15497
32478 16878 15600
32256 16605 15651
32231 16784 15447
32316 16719 15597
32132 16650 15482
32257 16481 15776
32374 16796 15578
32087 16667 15420
32556 17113 15443
32398 16868 15530
32060 16627 15433
21305 11106 10199
32338 16702 15636
32436 16715 15721
32457 16945 15512
32277 16725 15552
32281 16772 15509
32411 16886 15525
32688 17050 15638
32455 16853 15602
32636 17141 15495
32810 17073 15737
32813 17087 15726
32598 16990 15608
32905 17248 15657
32915 17204 15711
32604 16869 15735
33077 17211 15866
32987 17233 15754
21863 11327 10536
33435 17640 15795
33264 17161 16103
32859 17106 15753
32997 17155 15842
33268 17458 15810
33208 17391 15817
33248 17398 15850
33110 17418 15692
33234 17353 15881
33396 17410 15986
33580 17741 15839
33191 17271 15920
33353 17501 15852
33531 17527 16004
33436 17549 15887
33605 17496 16109
33166 17331 15835
22100 11563 10537
33333 17416 15917
33238 17497 15741
33759 17637 16122
33368 17660 15708
33477 17656 15821
33297 17627 15670
33304 17677 15627
33953 18069 15884
33630 17931 15699
33371 17608 15763
33371 17507 15864
33768 17832 15936
33297 17513 15784
33382 17731 15651
33118 17695 15423
33545 17854 15691
33520 17701 15819
21689 11513 10176
33595 17697 15898
33414 17813 15601
33488 17744 15744
33429 17681 15748
34067 18105 15962
33485 17787 15698
33619 17800 15819
33416 17643 15773
33476 17938 15538
33849 18108 15741
33616 17837 15779
33937 17833 16104
33632 17888 15744
33633 17790 15843
33557 17724 15833
33609 17714 15895
33649 17768 15881
22191 11802 10389
34074 18018 16056
33780 17817 15963
33896 17910 15986
33777 17854 15923
33962 17996 15966
33707 17794 15913
33644 17723 15921
33938 17875 16063
33911 17884 16027
33687 17781 15906
34053 17979 16074
34330 18078 16252
33632 17671 15961
33462 17687 15775
34033 17912 16121
34195 18070 16125
33927 17764 16163
22473 11812 10661
33864 17891 15973
33786 17715 16071
33760 17917 15843
33817 18091 15726
33855 17885 15970
33959 17926 16033
33665 17852 15813
34012 17895 16117
33856 17933 15923
34012 17816 16196
33872 17677 16195
34020 17804 16216
33778 17883 15895
33810 17978 15832
34091 17864 16227
34174 18046 16128
33820 17819 16001
22307 11782 10525
33891 18002 15889
33765 17776 15989
33455 17709 15746
33585 17793 15792
33836 17710 16126
33734 17676 16058
33786 17761 16025
33681 17682 15999
33868 17884 15984
33782 17775 16007
33713 17703 16010
33588 17790 15798
33647 17907 15740
33886 17967 15919
33691 17876 15815
33801 17674 16127
33721 17705 16016
21859 11566 10293
33730 17873 15857
33843 17911 15932
33763 17689 16074
33620 17752 15868
33754 17878 15876
33768 17783 15985
34076 17726 16350
33783 17859 15924
33965 17985 15980
33931 17937 15994
33806 17874 15932
33505 17874 15631
34185 18007 16178
33841 18034 15807
33786 17896 15890
34020 18013 16007
33937 18116 15821
22447 11769 10678
34429 18370 16059
34352 18143 16209
33993 17988 16005
34387 18224 16163
33983 18019 15964
34372 18345 16027
34229 18192 16037
33928 17785 16143
34157 18078 16079
34347 18289 16058
34250 18132 16118
34152 18073 16079
34336 18200 16136
34349 18145 16204
34385 18129 16256
34008 18065 15943
34209 18190 16019
22463 11848 10615
34443 18211 16232
34349 18113 16236
34141 18107 16034
34464 18218 16246
34734 18520 16214
34586 18372 16214
34347 18167 16180
34206 17960 16246
34307 18087 16220
34419 18128 16291
34290 18236 16054
34540 18410 16130
34221 18196 16025
34166 17964 16202
34536 18339 16197
34472 18337 16135
34477 18277 16200
22588 11981 10607
34421 18297 16124
34582 18353 16229
34016 18036 15980
34597 18284 16313
34149 18159 15990
34376 18226 16150
34406 18227 16179
34812 18415 16397
34384 18321 16063
34732 18285 16447
34296 18078 16218
34520 18263 16257
34620 18320 16300
34752 18505 16247
34644 18364 16280
34358 18233 16125
34458 18136 16322
22882 12062 10820
34407 18202 16205
34576 18574 16002
34329 18210 16119
34701 18371 16330
34879 18412 16467
34585 18385 16200
34738 18277 16461
34559 18323 16236
34506 18174 16332
34894 18406 16488
34555 18304 16251
34710 18228 16482
34428 18144 16284
35034 18601 16433
34412 18069 16343
34667 18382 16285
34793 18523 16270
22857 12175 10682
34667 18496 16171
34399 18229 16170
34562 18288 16274
34753 18231 16522
34858 18367 16491
34758 18479 16279
34488 18385 16103
34978 18406 16572
34698 18554 16144
34771 18400 16371
34626 18388 16238
34885 18603 16282
34666 18262 16404
34505 18438 16067
34680 18339 16341
34793 18342 16451
34890 18529 16361
22721 12136 10585
34788 18437 16351
34706 18399 16307
34726 18375 16351
34724 18514 16210
34632 18372 16260
34779 18444 16335
34909 18451 16458
34865 18291 16574
34805 18397 16408
34646 18294 16352
34540 18366 16174
34938 18550 16388
34689 18448 16241
34431 18403 16028
34524 18202 16322
34628 18317 16311
34781 18449 16332
22705 11943 10762
34826 18628 16198
34448 18264 16184
34713 18491 16222
34715 18413 16302
34672 18374 16298
34179 18120 16059
34498 18435 16063
34698 18470 16228
35000 18586 16414
34715 18393 16322
34250 18218 16032
34724 18364 16360
34549 18440 16109
34765 18562 16203
35091 18558 16533
34808 18266 16542
34955 18572 16383
22876 12047 10829
34661 18255 16406
34816 18528 16288
34520 18247 16273
34710 18458 16252
34893 18632 16261
34498 18350 16148
34531 18556 15975
34616 18363 16253
34671 18470 16201
34440 18289 16151
34679 18557 16122
34943 18735 16208
34765 18621 16144
35090 18770 16320
34727 18621 16106
34968 18657 16311
34914 18552 16362
22823 12083 10740
34735 18395 16340
35326 18773 16553
35051 18760 16291
35195 18627 16568
35112 18494 16618
35050 18737 16313
35054 18664 16390
35068 18781 16287
35154 18638 16516
35133 18599 16534
35210 18647 16563
35512 18774 16738
35674 19052 16622
35633 18961 16672
35417 18852 16565
35086 18581 16505
35209 18799 16410
23166 12292 10874
35197 18698 16499
35689 19151 16538
35698 18923 16775
35357 18912 16445
35582 18996 16586
35342 18747 16595
35260 18697 16563
34887 18530 16357
35126 18899 16227
35034 18800 16234
35466 18974 16492
35621 18952 16669
35596 19044 16552
35360 18680 16680
35245 18800 16445
35423 18856 16567
35302 18903 16399
23375 12369 11006
35624 18903 16721
35563 18775 16788
35543 19109 16434
35336 18826 16510
35362 18957 16405
35452 18999 16453
35583 19027 16556
35464 19072 16392
35503 19054 16449
35662 19083 16579
35104 18787 16317
34996 18721 16275
35367 18895 16472
35168 18765 16403
35353 18809 16544
35667 19117 16550
35874 19063 16811
23537 12531 11006
35558 18933 16625
35523 18983 16540
35036 18751 16285
35896 19117 16779
35706 18963 16743
35272 18861 16411
35782 19036 16746
35344 19105 16239
35694 18993 16701
35416 18856 16560
35575 18964 16611
35384 18761 16623
35308 18707 16601
35223 18698 16525
35675 19000 16675
35456 18851 16605
35390 19031 16359
23691 12681 11010
35308 18765 16543
35883 19019 16864
35763 18756 17007
35353 18700 16653
35563 18762 16801
36049 18957 17092
36034 19301 16733
35814 19041 16773
35671 18926 16745
35423 18616 16807
35678 18978 16700
35802 19106 16696
35371 18722 16649
35906 18999 16907
35614 18779 16835
35534 19001 16533
35762 18830 16932
23502 12442 11060
35416 18633 16783
35842 19142 16700
35471 18827 16644
35751 18912 16839
35513 18710 16803
35636 19033 16603
35197 18710 16487
35280 18770 16510
35255 18703 16552
35448 18835 16613
35142 18761 16381
35359 18780 16579
35294 18720 16574
34842 18591 16251
35303 18807 16496
35500 18805 16695
35397 18874 16523
23137 12367 10770
35739 18963 16776
35432 18747 16685
35183 18670 16513
35521 18910 16611
35523 18946 16577
35828 19084 16744
35144 18631 16513
35421 18710 16711
35354 18921 16433
35817 18906 16911
35241 18738 16503
35494 18782 16712
35209 18753 16456
34980 18473 16507
35149 18612 16537
35551 18909 16642
35068 18622 16446
23333 12417 10916
35160 18812 16348
35337 18745 16592
34963 18584 16379
35269 18779 16490
35185 18762 16423
35473 18799 16674
35332 18857 16475
35404 18772 16632
35169 18691 16478
35349 18843 16506
35635 18733 16902
35013 18599 16414
35458 18799 16659
35643 19184 16459
35682 19082 16600
35625 19019 16606
35626 19062 16564
23251 12452 10799
35502 18817 16685
35277 18886 16391
35429 18862 16567
35566 18864 16702
35529 18967 16562
35431 19046 16385
35724 19058 16666
35645 18988 16657
35714 18985 16729
35709 19173 16536
35720 19008 16712
35513 18804 16709
36003 19165 16838
35686 19131 16555
35964 19199 16765
35986 19158 16828
36058 19144 16914
23909 12679 11230
36067 19321 16746
36032 19163 16869
35883 19233 16650
35698 18983 16715
36103 19357 16746
35875 19092 16783
35895 19113 16782
35661 19100 16561
35796 19033 16763
36078 19387 16691
35951 19055 16896
35801 19185 16616
35923 19057 16866
36403 19409 16994
35996 19192 16804
35768 19027 16741
36225 19348 16877
23744 12738 11006
36236 19334 16902
36009 19183 16826
36145 19425 16720
36217 19364 16853
36397 19405 16992
35960 19091 16869
36044 19272 16772
36018 19153 16865
36039 19279 16760
35779 19025 16754
36103 19273 16830
36183 19254 16929
35806 19130 16676
36040 19293 16747
36348 19392 16956
35795 19092 16703
36072 19348 16724
23604 12518 11086
36120 19307 16813
36288 19491 16797
36121 19267 16854
36533 19443 17090
35867 19123 16744
35908 19033 16875
36098 19149 16949
35922 19180 16742
36140 19317 16823
36361 19363 16998
36333 19368 16965
36136 19091 17045
36099 19157 16942
36477 19391 17086
36360 19262 17098
36144 19069 17075
36367 19451 16916
23834 12665 11169
36257 19092 17165
36184 19166 17018
36005 19052 16953
36410 19429 16981
36224 19131 17093
35994 19083 16911
36014 19100 16914
36455 19372 17083
35843 18912 16931
35955 19154 16801
36312 19413 16899
36287 19140 17147
36278 19250 17028
36185 19188 16997
36168 19177 16991
36116 19189 16927
35932 19074 16858
23869 12692 11177
36206 19177 17029
36085 18910 17175
35989 19158 16831
36441 19190 17251
36257 19226 17031
36112 19059 17053
35984 18920 17064
36058 19033 17025
36304 18931 17373
36278 19194 17084
35853 18910 16943
36172 18980 17192
35678 18946 16732
35920 18857 17063
36372 19300 17072
35996 19089 16907
36215 18948 17267
23797 12569 11228
36475 19216 17259
36148 19324 16824
35567 18690 16877
36097 19193 16904
36220 19044 17176
35802 18953 16849
36387 19252 17135
36067 18812 17255
35889 18989 16900
35928 18936 16992
36059 19019 17040
35927 18872 17055
35959 19118 16841
35736 18790 16946
36110 19243 16867
35846 19084 16762
36077 19160 16917
23493 12431 11062
36069 19033 17036
35416 18673 16743
36095 19078 17017
36153 19298 16855
35881 19057 16824
36020 18928 17092
36186 19324 16862
35927 19004 16923
36083 19230 16853
36144 19159 16985
36075 19067 17008
36287 19232 17055
36449 19350 17099
36184 19294 16890
35710 19178 16532
36371 19427 16944
36221 19328 16893
23913 12618 11295
36101 19243 16858
36565 19605 16960
36593 19411 17182
35936 19207 16729
36539 19504 17035
36782 19398 17384
36913 19568 17345
36317 19354 16963
36389 19394 16995
36926 19618 17308
36387 19397 16990
36632 19443 17189
36401 19463 16938
36595 19539 17056
36845 19631 17214
36939 19692 17247
36672 19563 17109
24121 12782 11339
37146 19750 17396
36620 19483 17137
36697 19400 17297
36888 19653 17235
36982 19723 17259
37040 19603 17437
36884 19674 17210
36881 19519 17362
36561 19443 17118
37082 19800 17282
36984 19374 17610
37114 19684 17430
36826 19654 17172
36785 19601 17184
37276 19839 17437
36965 19692 17273
37487 19999 17488
24305 12883 11422
37216 19694 17522
37060 19697 17363
37438 20023 17415
36868 19722 17146
36714 19406 17308
36869 19767 17102
36865 19554 17311
37143 19794 17349
37223 19986 17237
37102 19660 17442
36914 19532 17382
36852 19648 17204
36979 19568 17411
36608 19431 17177
36714 19459 17255
36861 19639 17222
37186 19736 17450
24311 12865 11446
37055 19618 17437
36777 19476 17301
37139 19702 17437
37246 19682 17564
36837 19484 17353
37068 19748 17320
37000 19610 17390
37397 19745 17652
36862 19674 17188
37432 19802 17630
37217 19651 17566
37042 19531 17511
37163 19619 17544
37252 19566 17686
37348 19608 17740
37288 19656 17632
36970 19312 17658
24412 12923 11489
37132 19548 17584
37147 19624 17523
37062 19491 17571
37401 19599 17802
37003 19545 17458
37409 19684 17725
37148 19592 17556
37092 19722 17370
36961 19467 17494
37038 19726 17312
37285 19737 17548
36976 19442 17534
37472 19869 17603
36788 19433 17355
37327 19722 17605
36866 19506 17360
36964 19428 17536
24506 13047 11459
36954 19341 17613
36918 19364 17554
36640 19398 17242
36745 19414 17331
36913 19362 17551
36916 19420 17496
36890 19328 17562
36720 19466 17254
36898 19427 17471
36677 19462 17215
37018 19688 17330
36997 19589 17408
36914 19452 17462
36926 19490 17436
36605 19382 17223
36955 19528 17427
36958 19434 17524
24120 12827 11293
36859 19490 17369
37022 19520 17502
36684 19439 17245
36942 19598 17344
36977 19635 17342
36972 19394 17578
36961 19582 17379
36625 19242 17383
36849 19371 17478
36918 19499 17419
36865 19479 17386
36997 19548 17449
36886 19534 17352
37168 19600 17568
36806 19497 17309
36684 19461 17223
37204 19674 17530
24269 12823 11446
36585 19340 17245
37182 19871 17311
36837 19497 17340
36644 19395 17249
36777 19229 17548
36837 19456 17381
36702 19438 17264
36931 19570 17361
37064 19643 17421
37243 19734 17509
37038 19643 17395
36939 19566 17373
36794 19509 17285
37033 19725 17308
36628 19293 17335
37295 19806 17489
37262 19752 17510
24116 12721 11395
37081 19484 17597
36948 19486 17462
37124 19539 17585
37160 19816 17344
36960 19496 17464
37431 19576 17855
36823 19416 17407
37153 19646 17507
37149 19555 17594
37111 19688 17423
36879 19720 17159
37352 19686 17666
37057 19633 17424
37018 19551 17467
37008 19557 17451
18247 9703 8544
37047 19452 17595
24587 12996 11591
36888 19455 17433
37005 19512 17493
37478 19833 17645
37403 19589 17814
37484 19838 17646
37405 19744 17661
37573 19861 17712
37037 19623 17414
37450 19624 17826
37091 19462 17629
36924 19529 17395
37267 19554 17713
37244 19683 17561
37363 19655 17708
37275 19771 17504
36897 19618 17279
37375 19823 17552
24627 13088 11539
37036 19672 17364
37502 20141 17361
36884 19625 17259
36803 19620 17183
37148 19590 17558
37006 19699 17307
36998 19678 17320
36772 19617 17155
37188 19787 17401
37157 19721 17436
37046 19580 17466
37328 19897 17431
37172 19764 17408
36853 19628 17225
37143 19944 17199
36687 19470 17217
37223 19742 17481
24793 13191 11602
37112 19717 17395
37251 19834 17417
37148 19588 17560
37176 19743 17433
37393 20006 17387
36936 19618 17318
37046 19735 17311
36848 19744 17104
37151 19899 17252
37155 19886 17269
37600 20015 17585
37454 19848 17606
37205 19924 17281
37151 19885 17266
37320 19874 17446
37176 19850 17326
37231 19905 17326
24366 12921 11445
37309 19906 17403
37077 19896 17181
37403 19914 17489
37189 19713 17476
37463 19897 17566
37537 20032 17505
37335 19870 17465
37392 20023 17369
37559 20048 17511
37373 19884 17489
37418 19987 17431
37627 19980 17647
37400 20047 17353
37084 19843 17241
37127 19836 17291
37181 19835 17346
37391 20113 17278
24657 13086 11571
37299 19723 17576
37647 19923 17724
37322 19876 17446
37212 19679 17533
37515 20011 17504
37284 19914 17370
37200 19713 17487
37761 20087 17674
37322 19766 17556
37655 20121 17534
37412 19873 17539
37495 19909 17586
37282 19911 17371
37509 20027 17482
37582 20016 17566
37644 20073 17571
37353 19843 17510
24838 13272 11566
37099 19729 17370
37007 19628 17379
37300 19819 17481
37117 19953 17164
37420 19944 17476
37706 20134 17572
37623 19993 17630
37313 19877 17436
37399 19796 17603
37317 19913 17404
37289 19846 17443
37434 19850 17584
37406 19986 17420
37273 19841 17432
37149 19720 17429
37244 19753 17491
37417 20017 17400
25095 13398 11697
37459 19894 17565
37817 20331 17486
37478 20059 17419
38021 20033 17988
37623 19987 17636
37492 19884 17608
37676 20228 17448
37852 20063 17789
37611 19996 17615
37358 19829 17529
37389 19657 17732
37289 19813 17476
37682 20302 17380
37459 20022 17437
37550 19928 17622
37372 19777 17595
37576 20014 17562
24925 13292 11633
37468 19971 17497
37365 20129 17236
37475 20055 17420
37593 19978 17615
37348 19708 17640
37865 20165 17700
37579 19958 17621
38010 20130 17880
37910 20185 17725
37150 19767 17383
37745 19978 17767
38142 20390 17752
37823 20229 17594
37583 19910 17673
37599 20037 17562
37285 19941 17344
37433 19885 17548
24845 13137 11708
37426 19761 17665
37804 19960 17844
37632 20050 17582
37490 19818 17672
37710 19970 17740
37484 19947 17537
37341 19738 17603
38050 20258 17792
37698 20022 17676
37916 20105 17811
37698 20112 17586
38184 20385 17799
37789 20029 17760
37737 20115 17622
37844 20192 17652
37859 20157 17702
37630 19836 17794
24902 13284 11618
37469 19940 17529
37738 20105 17633
37663 20129 17534
37442 19796 17646
37444 19971 17473
37966 20368 17598
37815 20139 17676
37922 20130 17792
37598 20318 17280
37638 20110 17528
37608 20150 17458
37801 20199 17602
37705 20171 17534
37880 20244 17636
38004 20219 17785
37932 20142 17790
38118 20194 17924
25057 13313 11744
38003 20171 17832
37711 20067 17644
37787 20105 17682
37804 20239 17565
38201 20340 17861
37796 20242 17554
38143 20341 17802
38294 20482 17812
38120 20468 17652
38097 20306 17791
37935 20248 17687
37728 20043 17685
38039 20350 17689
37600 20250 17350
37905 20340 17565
37902 20250 17652
38156 20325 17831
25200 13487 11713
37776 20100 17676
37812 20352 17460
37749 20250 17499
38128 20294 17834
38194 20493 17701
37733 20083 17650
38403 20481 17922
38421 20571 17850
37893 20062 17831
38367 20296 18071
37706 19992 17714
37825 20046 17779
38224 20277 17947
38233 20329 17904
37859 20193 17666
37946 20279 17667
38025 20163 17862
25252 13377 11875
37791 20343 17448
37716 19934 17782
38157 20297 17860
38236 20160 18076
38197 20309 17888
38196 20380 17816
38278 20333 17945
38259 20406 17853
38063 20125 17938
38077 20284 17793
37812 20071 17741
37959 20304 17655
38307 20469 17838
38260 20455 17805
38331 20488 17843
38024 20219 17805
38204 20485 17719
25247 13432 11815
38097 20141 17956
38252 20375 17877
38188 20261 17927
38219 20234 17985
38244 20248 17996
37987 20121 17866
38235 20346 17889
38246 20336 17910
38259 20287 17972
38065 20403 17662
38482 20458 18024
38193 20322 17871
38229 20339 17890
38027 20101 17926
38250 20281 17969
38055 20097 17958
38573 20638 17935
25086 13239 11847
38482 20390 18092
38536 20559 17977
38061 20405 17656
38320 20415 17905
38386 20298 18088
38402 20587 17815
38317 20340 17977
38645 20527 18118
38444 20536 17908
38156 20530 17626
38384 20318 18066
38374 20520 17854
38047 20185 17862
38308 20498 17810
38159 20278 17881
38457 20378 18079
38164 20245 17919
25244 13525 11719
37892 20221 17671
38361 20366 17995
38505 20429 18076
38205 20461 17744
38680 20619 18061
38467 20509 17958
38152 20005 18147
38563 20449 18114
38387 20294 18093
38352 20314 18038
38604 20441 18163
38592 20565 18027
38653 20422 18231
38884 20735 18149
38683 20645 18038
38689 20546 18143
38514 20394 18120
25631 13597 12034
38583 20502 18081
38733 20484 18249
38585 20361 18224
38434 20193 18241
38548 20634 17914
29761 15793 13968
38208 20330 17878
38477 20254 18223
38473 20442 18031
39010 20602 18408
38588 20383 18205
38651 20603 18048
38626 20586 18040
38140 20327 17813
38542 20418 18124
38397 20365 18032
38394 20440 17954
25191 13328 11863
38492 20433 18059
38915 20602 18313
38624 20471 18153
38340 20325 18015
38281 20369 17912
38457 20511 17946
38744 20600 18144
38155 20336 17819
38609 20457 18152
38329 20414 17915
38142 20315 17827
38696 20599 18097
38451 20514 17937
38413 20568 17845
38349 20360 17989
38720 20793 17927
38453 20338 18115
25462 13590 11872
38262 20392 17870
38196 20443 17753
38498 20401 18097
37897 20072 17825
38347 20333 18014
38307 20487 17820
38199 20554 17645
38482 20552 17930
38579 20550 18029
38186 20342 17844
38330 20545 17785
38050 20311 17739
38148 20405 17743
38009 20333 17676
38334 20634 17700
38310 20565 17745
38402 20681 17721
25436 13614 11822
38270 20479 17791
37202 19940 17262
38309 20559 17750
38311 20317 17994
38197 20244 17953
37710 20173 17537
38259 20213 18046
38536 20603 17933
39082 20764 18318
38413 20560 17853
38408 20315 18093
38630 20714 17916
38323 20340 17983
38218 20385 17833
27979 14954 13025
38426 20576 17850
38604 20738 17866
25532 13581 11951
38200 20362 17838
38083 20316 17767
38089 20378 17711
38039 20373 17666
38742 20613 18129
38415 20642 17773
38408 20609 17799
38230 20303 17927
38555 20758 17797
38170 20556 17614
38334 20442 17892
38590 20453 18137
38257 20443 17814
38518 20558 17960
38301 20658 17643
18572 10031 8541
38298 20567 17731
25299 13765 11534
